2 -946684800
1 -946771200
2 -946857600
3 -946944000
4 -947030400
8 -947116800
2 -947203200
1 -947289600
1 -947376000
5 -947462400
5 -947548800
6 -947635200
9 -947721600
6 -947808000
5 -947894400
4 -947980800
6 -948067200
5 -948153600
10 -948240000
12 -948326400
4 -948412800
1 -948499200
4 -948585600
5 -948672000
3 -948758400
3 -948844800
12 -948931200
2 -949017600
2 -949104000
2 -949190400
3 -949363200
4 -949449600
9 -949536000
3 -949622400
4 -949708800
3 -949795200
6 -949881600
2 -949968000
3 -950054400
14 -950140800
4 -950227200
2 -950313600
7 -950400000
3 -950486400
3 -950572800
2 -950659200
12 -950745600
3 -950832000
4 -950918400
3 -951004800
2 -951091200
3 -951177600
3 -951264000
11 -951350400
4 -951523200
3 -951609600
3 -951696000
3 -951782400
2 -951868800
12 -951955200
1 -952041600
2 -952128000
2 -952214400
3 -952300800
7 -952387200
4 -952473600
12 -952560000
3 -952646400
8 -952732800
5 -952819200
2 -952905600
1 -952992000
6 -953078400
15 -953164800
1 -953251200
8 -953337600
3 -953424000
1 -953596800
2 -953683200
12 -953769600
3 -953856000
2 -953942400
6 -954115200
6 -954201600
5 -954288000
6 -954374400
2 -954460800
3 -954547200
2 -954633600
7 -954720000
12 -954806400
8 -954892800
11 -954979200
1 -955065600
4 -955238400
3 -955324800
2 -955411200
3 -955497600
12 -955584000
1 -955670400
1 -955756800
4 -955929600
2 -956016000
2 -956102400
17 -956188800
9 -956534400
1 -956620800
1 -956707200
6 -956793600
1 -956880000
5 -956966400
6 -957139200
1 -957225600
3 -957312000
6 -957398400
2 -957484800
3 -957657600
3 -957744000
3 -957830400
12 -958003200
1 -958089600
1 -958262400
3 -958348800
1 -958435200
5 -958521600
7 -958608000
1 -958694400
1 -958780800
2 -958867200
3 -958953600
3 -959040000
2 -959126400
9 -959212800
1 -959299200
4 -959385600
3 -959472000
2 -959644800
2 -959731200
7 -959817600
1 -959904000
5 -959990400
1 -960076800
2 -960163200
4 -960249600
2 -960336000
14 -960422400
1 -960508800
1 -960768000
4 -960854400
2 -960940800
11 -961027200
5 -961113600
2 -961200000
3 -961286400
1 -961372800
1 -961459200
2 -961545600
11 -961632000
1 -961718400
4 -961804800
4 -961977600
5 -962064000
2 -962150400
12 -962236800
1 -962323200
3 -962409600
2 -962496000
3 -962582400
1 -962755200
8 -962841600
4 -962928000
1 -963187200
3 -963273600
2 -963360000
6 -963446400
3 -963532800
2 -963619200
5 -963705600
3 -963792000
2 -963878400
8 -963964800
7 -964051200
3 -964137600
2 -964224000
6 -964310400
2 -964396800
5 -964483200
5 -964569600
7 -964656000
3 -964742400
6 -964915200
8 -965001600
6 -965088000
3 -965174400
12 -965260800
4 -965347200
4 -965433600
3 -965520000
8 -965606400
4 -965692800
3 -965779200
8 -965865600
4 -965952000
1 -966038400
1 -966124800
6 -966211200
1 -966297600
2 -966384000
6 -966470400
6 -966556800
6 -966643200
1 -966729600
3 -966816000
3 -966902400
7 -966988800
8 -967075200
4 -967161600
2 -967248000
7 -967334400
7 -967420800
3 -967507200
2 -967593600
11 -967680000
8 -967766400
2 -967852800
4 -967939200
7 -968025600
6 -968112000
8 -968198400
7 -968284800
1 -968371200
1 -968457600
4 -968544000
5 -968630400
6 -968716800
7 -968803200
18 -968889600
2 -968976000
5 -969235200
3 -969321600
7 -969408000
12 -969494400
1 -969580800
1 -969667200
4 -969753600
6 -969840000
4 -969926400
4 -970012800
12 -970099200
1 -970185600
1 -970272000
3 -970358400
4 -970444800
2 -970617600
9 -970704000
4 -970963200
4 -971049600
4 -971136000
5 -971222400
11 -971308800
3 -971568000
2 -971654400
2 -971740800
11 -971913600
1 -972000000
5 -972086400
5 -972172800
3 -972259200
2 -972345600
3 -972432000
11 -972518400
9 -972604800
8 -972691200
2 -972950400
3 -973036800
11 -973123200
2 -973209600
1 -973296000
3 -973382400
5 -973468800
2 -973555200
10 -973728000
2 -973987200
4 -974073600
2 -974160000
3 -974246400
7 -974332800
4 -974419200
1 -974505600
2 -974592000
4 -974678400
2 -974764800
1 -974851200
11 -974937600
4 -975024000
3 -975110400
1 -975196800
4 -975283200
3 -975369600
2 -975456000
19 -975542400
5 -975715200
3 -975801600
3 -975888000
3 -975974400
5 -976060800
11 -976147200
2 -976233600
1 -976320000
2 -976406400
2 -976492800
3 -976579200
1 -976665600
10 -976752000
1 -976838400
1 -976924800
4 -977011200
3 -977097600
4 -977184000
1 -977270400
6 -977356800
2 -977616000
3 -977961600
2 -978220800
1 -978307200
2 -978393600
5 -978480000
6 -978566400
3 -978825600
4 -978912000
3 -978998400
1 -979084800
12 -979171200
3 -979257600
4 -979344000
3 -979430400
5 -979516800
2 -979603200
5 -979689600
14 -979776000
7 -979862400
2 -979948800
2 -980035200
5 -980121600
3 -980208000
4 -980294400
11 -980380800
1 -980467200
3 -980553600
3 -980640000
2 -980726400
6 -980812800
3 -980899200
21 -980985600
5 -981072000
3 -981331200
1 -981417600
1 -981504000
10 -981590400
1 -981676800
2 -981849600
4 -982022400
3 -982108800
10 -982195200
1 -982281600
2 -982454400
3 -982540800
3 -982627200
3 -982713600
12 -982800000
5 -982886400
1 -982972800
2 -983059200
4 -983145600
3 -983232000
8 -983318400
13 -983404800
1 -983577600
1 -983664000
2 -983750400
3 -983836800
2 -983923200
17 -984009600
1 -984096000
1 -984182400
1 -984268800
4 -984441600
4 -984528000
12 -984614400
3 -984700800
5 -984873600
2 -985046400
3 -985132800
12 -985219200
2 -985305600
1 -985392000
2 -985478400
1 -985564800
3 -985651200
7 -985737600
18 -985824000
3 -985910400
2 -986083200
2 -986169600
2 -986256000
2 -986342400
13 -986428800
3 -986515200
2 -986774400
2 -986860800
1 -986947200
12 -987033600
1 -987120000
2 -987206400
2 -987379200
1 -987465600
4 -987552000
9 -987638400
2 -987724800
1 -987811200
2 -987897600
5 -987984000
3 -988070400
1 -988156800
9 -988243200
1 -988329600
1 -988416000
5 -988675200
3 -988761600
12 -988848000
2 -988934400
2 -989107200
2 -989193600
18 -989280000
4 -989366400
12 -989452800
1 -989539200
2 -989712000
4 -989798400
1 -989971200
9 -990057600
2 -990144000
4 -990316800
2 -990576000
7 -990662400
1 -990748800
1 -990835200
2 -990921600
2 -991094400
1 -991180800
15 -991267200
3 -991353600
1 -991440000
2 -991526400
1 -991699200
1 -991785600
8 -991872000
1 -991958400
2 -992131200
2 -992217600
2 -992304000
3 -992390400
8 -992476800
2 -992563200
3 -992736000
1 -992822400
4 -992908800
2 -992995200
9 -993081600
3 -993168000
2 -993254400
1 -993340800
1 -993427200
1 -993513600
1 -993600000
10 -993686400
7 -993772800
1 -993859200
3 -993945600
2 -994118400
3 -994204800
9 -994291200
3 -994377600
2 -994550400
4 -994636800
1 -994809600
9 -994896000
3 -994982400
2 -995068800
1 -995155200
2 -995241600
2 -995328000
2 -995414400
7 -995500800
2 -995587200
1 -995673600
1 -995760000
2 -995846400
4 -995932800
1 -996019200
7 -996105600
9 -996192000
2 -996364800
1 -996451200
6 -996537600
5 -996710400
5 -996796800
1 -997056000
2 -997142400
2 -997228800
7 -997315200
1 -997401600
1 -997574400
5 -997660800
2 -997747200
1 -997833600
5 -997920000
2 -998006400
1 -998092800
3 -998179200
2 -998352000
3 -998438400
8 -998524800
1 -998611200
4 -998697600
2 -998870400
1 -998956800
6 -999129600
1 -999216000
2 -999302400
1 -999475200
1 -999561600
1 -999648000
6 -999734400
1 -999820800
1 -999907200
1 -999993600
1 -1000080000
1 -1000166400
7 -1000339200
2 -1000425600
1 -1000598400
1 -1000857600
7 -1000944000
4 -1001376000
3 -1001462400
9 -1001548800
1 -1001635200
1 -1001894400
1 -1001980800
17 -1002153600
1 -1002240000
1 -1002326400
2 -1002412800
3 -1002499200
2 -1002585600
2 -1002672000
14 -1002758400
2 -1003104000
1 -1003276800
10 -1003363200
1 -1003795200
11 -1003968000
3 -1004054400
2 -1004227200
2 -1004486400
9 -1004572800
2 -1005004800
7 -1005177600
1 -1005264000
2 -1005523200
2 -1005609600
2 -1005696000
6 -1005782400
2 -1005868800
2 -1006041600
2 -1006128000
3 -1006214400
2 -1006300800
14 -1006387200
4 -1006473600
3 -1006560000
4 -1006646400
5 -1006732800
5 -1006819200
5 -1006905600
9 -1006992000
5 -1007078400
1 -1007164800
3 -1007251200
5 -1007337600
3 -1007424000
5 -1007510400
11 -1007596800
3 -1007683200
2 -1007769600
2 -1007856000
6 -1007942400
2 -1008028800
5 -1008115200
14 -1008201600
9 -1008288000
1 -1008374400
4 -1008460800
3 -1008547200
5 -1008633600
2 -1008720000
7 -1008806400
4 -1008892800
2 -1009152000
3 -1009411200
3 -1009497600
1 -1009584000
1 -1009756800
3 -1009843200
7 -1010016000
4 -1010102400
1 -1010188800
8 -1010275200
4 -1010361600
5 -1010448000
4 -1010534400
10 -1010620800
5 -1010707200
2 -1010793600
3 -1010880000
1 -1010966400
2 -1011052800
6 -1011139200
10 -1011225600
2 -1011312000
1 -1011398400
1 -1011484800
3 -1011571200
2 -1011657600
6 -1011744000
13 -1011830400
7 -1011916800
3 -1012003200
5 -1012176000
4 -1012262400
7 -1012348800
13 -1012435200
8 -1012521600
3 -1012608000
2 -1012694400
2 -1012780800
4 -1012867200
4 -1012953600
11 -1013040000
7 -1013126400
2 -1013212800
2 -1013299200
7 -1013385600
3 -1013472000
6 -1013558400
13 -1013644800
8 -1013731200
3 -1013904000
6 -1013990400
4 -1014076800
4 -1014163200
14 -1014249600
6 -1014336000
5 -1014508800
4 -1014595200
7 -1014681600
5 -1014768000
10 -1014854400
9 -1014940800
5 -1015027200
4 -1015113600
1 -1015200000
3 -1015286400
1 -1015372800
12 -1015459200
3 -1015545600
1 -1015632000
1 -1015718400
1 -1015804800
5 -1015891200
13 -1015977600
15 -1016064000
3 -1016150400
2 -1016236800
3 -1016323200
4 -1016409600
2 -1016496000
10 -1016582400
14 -1016668800
6 -1016755200
1 -1016841600
1 -1016928000
5 -1017014400
6 -1017100800
4 -1017187200
26 -1017273600
4 -1017360000
2 -1017446400
1 -1017619200
1 -1017705600
8 -1017792000
11 -1017878400
3 -1017964800
6 -1018137600
8 -1018224000
1 -1018310400
5 -1018396800
8 -1018483200
6 -1018569600
2 -1018656000
3 -1018742400
3 -1018828800
2 -1018915200
3 -1019001600
11 -1019088000
3 -1019174400
3 -1019260800
1 -1019347200
4 -1019433600
3 -1019520000
12 -1019692800
2 -1019779200
4 -1019865600
2 -1019952000
5 -1020038400
3 -1020124800
1 -1020211200
15 -1020297600
4 -1020384000
3 -1020470400
1 -1020556800
4 -1020643200
2 -1020729600
3 -1020816000
13 -1020902400
1 -1020988800
1 -1021075200
2 -1021161600
4 -1021248000
3 -1021334400
3 -1021420800
8 -1021507200
4 -1021593600
3 -1021680000
4 -1021766400
8 -1021852800
3 -1021939200
12 -1022112000
6 -1022198400
4 -1022284800
3 -1022371200
5 -1022457600
6 -1022544000
2 -1022630400
18 -1022716800
4 -1022803200
4 -1022889600
1 -1022976000
3 -1023062400
3 -1023235200
14 -1023321600
4 -1023408000
1 -1023494400
1 -1023580800
3 -1023667200
4 -1023753600
7 -1023840000
7 -1023926400
6 -1024012800
2 -1024099200
1 -1024185600
6 -1024272000
7 -1024358400
5 -1024444800
10 -1024531200
3 -1024704000
3 -1024790400
9 -1024876800
4 -1024963200
6 -1025049600
18 -1025136000
6 -1025222400
2 -1025308800
4 -1025395200
3 -1025481600
3 -1025568000
2 -1025654400
10 -1025740800
4 -1025827200
4 -1025913600
3 -1026000000
7 -1026086400
8 -1026172800
4 -1026259200
15 -1026345600
5 -1026432000
1 -1026518400
1 -1026691200
3 -1026777600
3 -1026864000
11 -1026950400
5 -1027036800
6 -1027123200
6 -1027296000
2 -1027382400
19 -1027555200
6 -1027641600
2 -1027728000
1 -1027814400
9 -1027900800
6 -1027987200
7 -1028073600
11 -1028160000
4 -1028246400
3 -1028332800
2 -1028419200
3 -1028505600
4 -1028592000
3 -1028678400
9 -1028764800
4 -1028851200
7 -1028937600
3 -1029024000
1 -1029110400
4 -1029196800
3 -1029283200
14 -1029369600
1 -1029456000
3 -1029542400
7 -1029715200
7 -1029801600
4 -1029888000
10 -1029974400
4 -1030060800
3 -1030147200
1 -1030320000
5 -1030406400
7 -1030492800
12 -1030579200
5 -1030665600
3 -1030752000
2 -1030838400
4 -1030924800
1 -1031011200
1 -1031097600
10 -1031184000
1 -1031270400
2 -1031356800
1 -1031443200
7 -1031529600
4 -1031616000
6 -1031702400
9 -1031788800
2 -1031875200
4 -1031961600
5 -1032048000
3 -1032220800
1 -1032307200
13 -1032393600
7 -1032480000
5 -1032566400
4 -1032652800
3 -1032825600
7 -1032912000
20 -1032998400
5 -1033084800
6 -1033171200
1 -1033344000
2 -1033430400
1 -1033516800
12 -1033603200
3 -1033689600
2 -1033776000
3 -1033862400
2 -1034035200
4 -1034121600
12 -1034208000
6 -1034294400
3 -1034380800
1 -1034467200
3 -1034553600
3 -1034640000
4 -1034726400
11 -1034812800
1 -1034899200
1 -1034985600
2 -1035072000
1 -1035158400
3 -1035244800
6 -1035331200
12 -1035417600
6 -1035504000
1 -1035590400
3 -1035676800
1 -1035763200
1 -1035936000
25 -1036022400
3 -1036195200
2 -1036368000
2 -1036454400
4 -1036540800
15 -1036627200
4 -1036713600
3 -1036800000
3 -1036886400
18 -1036972800
5 -1037059200
3 -1037145600
15 -1037232000
3 -1037318400
6 -1037404800
2 -1037491200
5 -1037577600
3 -1037664000
8 -1037750400
14 -1037836800
5 -1037923200
3 -1038009600
3 -1038182400
6 -1038268800
4 -1038355200
25 -1038441600
6 -1038528000
2 -1038614400
1 -1038700800
3 -1038787200
1 -1038873600
5 -1038960000
11 -1039046400
10 -1039132800
2 -1039305600
4 -1039392000
1 -1039478400
7 -1039564800
17 -1039651200
7 -1039737600
3 -1039824000
1 -1039910400
8 -1039996800
3 -1040083200
2 -1040169600
17 -1040256000
5 -1040342400
1 -1040428800
3 -1040515200
4 -1040601600
5 -1040688000
3 -1040774400
1 -1040860800
2 -1040947200
5 -1041206400
6 -1041292800
8 -1041465600
2 -1041552000
4 -1041638400
5 -1041724800
8 -1041811200
10 -1041897600
10 -1041984000
17 -1042070400
8 -1042156800
6 -1042243200
4 -1042329600
5 -1042416000
6 -1042588800
19 -1042675200
8 -1042761600
3 -1042848000
2 -1042934400
4 -1043020800
4 -1043107200
5 -1043193600
14 -1043280000
7 -1043366400
7 -1043452800
2 -1043539200
7 -1043625600
7 -1043712000
5 -1043798400
24 -1043884800
6 -1043971200
4 -1044057600
2 -1044144000
4 -1044230400
5 -1044316800
8 -1044403200
16 -1044489600
6 -1044576000
8 -1044662400
2 -1044748800
5 -1044835200
3 -1044921600
4 -1045008000
13 -1045094400
6 -1045180800
13 -1045267200
2 -1045353600
8 -1045440000
6 -1045526400
4 -1045612800
13 -1045699200
8 -1045785600
7 -1045872000
1 -1045958400
7 -1046044800
8 -1046131200
3 -1046217600
22 -1046304000
5 -1046390400
4 -1046476800
4 -1046563200
7 -1046649600
2 -1046736000
8 -1046822400
11 -1046908800
2 -1046995200
4 -1047081600
4 -1047168000
7 -1047254400
5 -1047340800
4 -1047427200
13 -1047513600
4 -1047600000
7 -1047686400
1 -1047772800
6 -1047859200
4 -1047945600
2 -1048032000
9 -1048118400
2 -1048204800
4 -1048291200
3 -1048377600
3 -1048464000
2 -1048550400
3 -1048636800
19 -1048723200
2 -1048809600
1 -1048896000
2 -1048982400
7 -1049068800
3 -1049155200
1 -1049241600
14 -1049328000
2 -1049414400
5 -1049500800
2 -1049587200
5 -1049760000
4 -1049846400
18 -1049932800
1 -1050019200
8 -1050105600
1 -1050192000
4 -1050278400
6 -1050364800
1 -1050451200
16 -1050537600
3 -1050624000
1 -1050710400
1 -1050796800
8 -1050969600
5 -1051056000
26 -1051142400
3 -1051228800
4 -1051315200
1 -1051401600
4 -1051488000
2 -1051574400
6 -1051660800
8 -1051747200
10 -1051833600
3 -1051920000
2 -1052006400
1 -1052092800
4 -1052265600
12 -1052352000
2 -1052438400
1 -1052611200
2 -1052697600
2 -1052784000
5 -1052870400
10 -1052956800
4 -1053043200
2 -1053129600
12 -1053216000
5 -1053302400
3 -1053388800
8 -1053561600
3 -1053648000
2 -1053734400
3 -1053820800
3 -1053907200
3 -1054080000
23 -1054166400
9 -1054339200
4 -1054425600
2 -1054512000
6 -1054598400
3 -1054684800
15 -1054771200
2 -1054857600
2 -1054944000
4 -1055030400
5 -1055116800
4 -1055203200
20 -1055376000
5 -1055462400
4 -1055548800
2 -1055635200
4 -1055721600
3 -1055808000
3 -1055894400
15 -1055980800
3 -1056067200
3 -1056153600
6 -1056240000
1 -1056326400
4 -1056412800
6 -1056499200
21 -1056585600
5 -1056672000
2 -1056758400
3 -1056844800
4 -1056931200
3 -1057017600
6 -1057104000
12 -1057190400
6 -1057276800
3 -1057363200
3 -1057449600
3 -1057536000
2 -1057622400
4 -1057708800
18 -1057795200
2 -1057881600
4 -1057968000
3 -1058054400
2 -1058140800
2 -1058227200
4 -1058313600
14 -1058400000
4 -1058486400
5 -1058572800
3 -1058659200
3 -1058745600
5 -1058832000
3 -1058918400
16 -1059004800
7 -1059091200
4 -1059177600
2 -1059350400
4 -1059436800
3 -1059523200
22 -1059609600
4 -1059696000
4 -1059782400
4 -1059868800
4 -1059955200
4 -1060041600
6 -1060128000
11 -1060214400
7 -1060300800
4 -1060387200
4 -1060560000
2 -1060646400
6 -1060732800
12 -1060819200
6 -1060905600
1 -1060992000
5 -1061164800
2 -1061251200
6 -1061337600
14 -1061424000
4 -1061510400
1 -1061596800
6 -1061683200
4 -1061769600
5 -1061942400
10 -1062028800
2 -1062115200
4 -1062201600
2 -1062288000
3 -1062374400
3 -1062460800
3 -1062547200
10 -1062633600
4 -1062720000
1 -1062806400
2 -1062892800
8 -1062979200
4 -1063065600
4 -1063152000
14 -1063238400
1 -1063324800
4 -1063411200
6 -1063584000
3 -1063670400
4 -1063756800
6 -1063843200
6 -1063929600
2 -1064016000
1 -1064102400
9 -1064188800
3 -1064275200
8 -1064361600
24 -1064448000
3 -1064534400
7 -1064620800
1 -1064707200
5 -1064793600
5 -1064880000
7 -1064966400
9 -1065052800
5 -1065139200
4 -1065225600
2 -1065312000
3 -1065398400
3 -1065484800
11 -1065571200
11 -1065657600
1 -1065744000
4 -1065830400
1 -1065916800
3 -1066089600
5 -1066176000
18 -1066262400
3 -1066348800
6 -1066435200
2 -1066608000
1 -1066694400
4 -1066780800
11 -1066867200
7 -1066953600
4 -1067040000
8 -1067126400
6 -1067212800
6 -1067299200
5 -1067385600
19 -1067472000
5 -1067558400
3 -1067644800
6 -1067731200
3 -1067817600
4 -1067904000
2 -1067990400
10 -1068076800
5 -1068163200
3 -1068249600
5 -1068336000
4 -1068422400
6 -1068595200
11 -1068681600
4 -1068768000
2 -1068854400
5 -1068940800
6 -1069027200
6 -1069113600
6 -1069200000
11 -1069286400
1 -1069372800
3 -1069459200
4 -1069545600
2 -1069632000
3 -1069718400
2 -1069804800
17 -1069891200
1 -1069977600
2 -1070064000
3 -1070150400
2 -1070236800
2 -1070323200
1 -1070409600
10 -1070496000
2 -1070668800
1 -1070755200
2 -1070841600
1 -1070928000
8 -1071014400
12 -1071100800
3 -1071187200
3 -1071360000
2 -1071446400
2 -1071532800
5 -1071619200
15 -1071705600
5 -1071792000
5 -1071878400
2 -1071964800
1 -1072051200
3 -1072137600
2 -1072224000
1 -1072310400
1 -1072396800
2 -1072483200
3 -1072656000
2 -1072742400
4 -1072828800
2 -1072915200
5 -1073001600
3 -1073088000
3 -1073174400
5 -1073260800
3 -1073347200
5 -1073433600
18 -1073520000
7 -1073606400
4 -1073692800
4 -1073779200
4 -1073865600
2 -1073952000
5 -1074038400
19 -1074124800
3 -1074211200
3 -1074297600
5 -1074384000
5 -1074470400
5 -1074556800
7 -1074643200
15 -1074729600
9 -1074816000
4 -1074902400
3 -1074988800
6 -1075075200
3 -1075161600
3 -1075248000
22 -1075334400
5 -1075420800
5 -1075507200
3 -1075593600
2 -1075680000
3 -1075766400
5 -1075852800
17 -1075939200
3 -1076025600
3 -1076112000
3 -1076198400
5 -1076284800
12 -1076371200
6 -1076457600
13 -1076544000
16 -1076630400
5 -1076716800
3 -1076803200
2 -1076889600
2 -1076976000
4 -1077062400
14 -1077148800
4 -1077235200
3 -1077321600
6 -1077408000
5 -1077494400
4 -1077580800
8 -1077667200
26 -1077753600
6 -1077840000
6 -1077926400
4 -1078012800
2 -1078099200
4 -1078185600
6 -1078272000
10 -1078358400
9 -1078444800
5 -1078531200
2 -1078617600
3 -1078704000
3 -1078790400
2 -1078876800
14 -1078963200
4 -1079049600
5 -1079136000
3 -1079222400
7 -1079308800
2 -1079395200
5 -1079481600
15 -1079568000
2 -1079654400
2 -1079740800
1 -1079827200
6 -1079913600
4 -1080000000
6 -1080086400
17 -1080172800
2 -1080259200
6 -1080345600
2 -1080432000
5 -1080518400
4 -1080604800
7 -1080691200
16 -1080777600
4 -1080864000
1 -1080950400
7 -1081036800
4 -1081123200
3 -1081209600
6 -1081296000
14 -1081382400
4 -1081468800
3 -1081555200
4 -1081728000
6 -1081814400
5 -1081900800
15 -1081987200
6 -1082073600
4 -1082160000
2 -1082246400
5 -1082332800
7 -1082419200
6 -1082505600
20 -1082592000
3 -1082678400
1 -1082764800
2 -1082851200
4 -1082937600
6 -1083024000
6 -1083110400
20 -1083196800
7 -1083283200
3 -1083369600
3 -1083456000
4 -1083542400
9 -1083628800
3 -1083715200
13 -1083801600
4 -1083888000
3 -1083974400
6 -1084147200
3 -1084233600
6 -1084320000
14 -1084406400
4 -1084492800
1 -1084579200
3 -1084752000
5 -1084838400
6 -1084924800
16 -1085011200
3 -1085097600
4 -1085184000
5 -1085356800
1 -1085443200
10 -1085529600
21 -1085616000
2 -1085702400
4 -1085788800
2 -1085875200
2 -1085961600
1 -1086048000
1 -1086134400
13 -1086220800
2 -1086307200
4 -1086393600
2 -1086480000
5 -1086566400
10 -1086652800
5 -1086739200
12 -1086825600
3 -1086912000
4 -1086998400
2 -1087171200
6 -1087257600
6 -1087344000
11 -1087430400
4 -1087516800
2 -1087603200
4 -1087689600
2 -1087776000
4 -1087862400
5 -1087948800
21 -1088035200
4 -1088121600
3 -1088208000
3 -1088294400
4 -1088380800
2 -1088467200
4 -1088553600
14 -1088640000
4 -1088726400
6 -1088812800
7 -1088985600
4 -1089072000
7 -1089158400
7 -1089244800
2 -1089331200
2 -1089417600
3 -1089590400
1 -1089676800
12 -1089763200
10 -1089849600
3 -1089936000
2 -1090022400
3 -1090195200
4 -1090281600
7 -1090368000
13 -1090454400
6 -1090540800
4 -1090627200
5 -1090713600
4 -1090800000
8 -1090886400
10 -1090972800
11 -1091059200
6 -1091145600
6 -1091232000
4 -1091318400
4 -1091404800
6 -1091491200
6 -1091577600
24 -1091664000
4 -1091750400
6 -1091836800
5 -1091923200
10 -1092009600
5 -1092096000
10 -1092182400
13 -1092268800
10 -1092355200
6 -1092441600
2 -1092528000
10 -1092614400
7 -1092700800
4 -1092787200
16 -1092873600
10 -1092960000
3 -1093046400
5 -1093132800
8 -1093219200
11 -1093305600
6 -1093392000
25 -1093478400
6 -1093564800
4 -1093651200
3 -1093737600
3 -1093824000
5 -1093910400
7 -1093996800
17 -1094083200
8 -1094169600
1 -1094256000
6 -1094342400
13 -1094428800
10 -1094515200
4 -1094601600
15 -1094688000
10 -1094774400
5 -1094860800
2 -1094947200
8 -1095033600
10 -1095120000
6 -1095206400
14 -1095292800
5 -1095379200
3 -1095465600
8 -1095638400
7 -1095724800
10 -1095811200
10 -1095897600
5 -1095984000
2 -1096070400
5 -1096156800
7 -1096243200
8 -1096329600
5 -1096416000
26 -1096502400
9 -1096588800
4 -1096675200
8 -1096848000
5 -1096934400
14 -1097020800
19 -1097107200
9 -1097193600
3 -1097280000
2 -1097366400
8 -1097452800
7 -1097539200
10 -1097625600
11 -1097712000
9 -1097798400
6 -1097884800
4 -1097971200
6 -1098057600
7 -1098144000
11 -1098230400
13 -1098316800
6 -1098403200
3 -1098489600
7 -1098662400
8 -1098748800
7 -1098835200
21 -1098921600
9 -1099008000
2 -1099094400
3 -1099180800
8 -1099267200
5 -1099353600
8 -1099440000
17 -1099526400
6 -1099612800
4 -1099699200
8 -1099872000
10 -1099958400
15 -1100044800
20 -1100131200
12 -1100217600
17 -1100304000
1 -1100390400
6 -1100476800
9 -1100563200
6 -1100649600
20 -1100736000
6 -1100822400
5 -1100908800
1 -1100995200
8 -1101081600
6 -1101168000
5 -1101254400
32 -1101340800
6 -1101427200
6 -1101513600
4 -1101600000
3 -1101686400
9 -1101772800
10 -1101859200
19 -1101945600
7 -1102032000
3 -1102118400
4 -1102204800
12 -1102291200
8 -1102377600
6 -1102464000
17 -1102550400
9 -1102636800
3 -1102723200
1 -1102809600
8 -1102896000
8 -1102982400
9 -1103068800
15 -1103155200
7 -1103241600
2 -1103328000
2 -1103414400
9 -1103500800
9 -1103587200
9 -1103673600
10 -1103760000
3 -1103846400
3 -1104019200
3 -1104105600
5 -1104192000
7 -1104278400
6 -1104364800
3 -1104451200
3 -1104624000
2 -1104710400
3 -1104796800
9 -1104883200
18 -1104969600
7 -1105056000
4 -1105142400
1 -1105228800
5 -1105315200
10 -1105401600
6 -1105488000
13 -1105574400
13 -1105660800
4 -1105747200
4 -1105833600
8 -1105920000
6 -1106006400
8 -1106092800
16 -1106179200
5 -1106265600
4 -1106352000
2 -1106438400
6 -1106524800
10 -1106611200
5 -1106697600
26 -1106784000
9 -1106870400
4 -1106956800
1 -1107043200
6 -1107129600
9 -1107216000
6 -1107302400
18 -1107388800
6 -1107475200
1 -1107561600
4 -1107648000
9 -1107734400
10 -1107820800
12 -1107907200
16 -1107993600
8 -1108080000
4 -1108166400
2 -1108252800
8 -1108339200
8 -1108425600
9 -1108512000
11 -1108598400
13 -1108684800
2 -1108771200
5 -1108857600
9 -1108944000
10 -1109030400
12 -1109116800
27 -1109203200
5 -1109289600
6 -1109376000
3 -1109462400
9 -1109548800
5 -1109635200
8 -1109721600
20 -1109808000
6 -1109894400
4 -1109980800
3 -1110067200
9 -1110153600
7 -1110240000
9 -1110326400
17 -1110412800
7 -1110499200
3 -1110585600
3 -1110672000
10 -1110758400
8 -1110844800
10 -1110931200
23 -1111017600
9 -1111104000
1 -1111190400
5 -1111276800
13 -1111363200
9 -1111449600
9 -1111536000
13 -1111622400
4 -1111708800
3 -1111795200
2 -1111881600
2 -1111968000
12 -1112054400
25 -1112140800
10 -1112227200
8 -1112313600
1 -1112400000
4 -1112486400
10 -1112572800
8 -1112659200
6 -1112745600
18 -1112832000
4 -1112918400
2 -1113004800
4 -1113091200
5 -1113177600
2 -1113264000
18 -1113350400
10 -1113436800
10 -1113523200
4 -1113609600
5 -1113696000
10 -1113782400
13 -1113868800
13 -1113955200
16 -1114041600
8 -1114128000
2 -1114214400
1 -1114300800
12 -1114387200
10 -1114473600
19 -1114560000
13 -1114646400
8 -1114732800
1 -1114819200
4 -1114905600
4 -1114992000
7 -1115078400
9 -1115164800
21 -1115251200
6 -1115337600
3 -1115510400
8 -1115596800
8 -1115683200
20 -1115769600
13 -1115856000
15 -1115942400
3 -1116028800
4 -1116115200
12 -1116201600
11 -1116288000
19 -1116374400
23 -1116460800
19 -1116547200
2 -1116633600
4 -1116720000
9 -1116806400
15 -1116892800
22 -1116979200
16 -1117065600
7 -1117152000
3 -1117238400
4 -1117324800
4 -1117411200
5 -1117497600
12 -1117584000
11 -1117670400
10 -1117756800
2 -1117843200
3 -1117929600
12 -1118016000
9 -1118102400
16 -1118188800
16 -1118275200
10 -1118361600
3 -1118534400
12 -1118620800
11 -1118707200
20 -1118793600
13 -1118880000
15 -1118966400
3 -1119052800
2 -1119139200
9 -1119225600
8 -1119312000
12 -1119398400
15 -1119484800
13 -1119571200
7 -1119657600
3 -1119744000
9 -1119830400
16 -1119916800
14 -1120003200
31 -1120089600
10 -1120176000
3 -1120262400
2 -1120348800
9 -1120435200
7 -1120521600
18 -1120608000
10 -1120694400
5 -1120780800
5 -1120867200
7 -1120953600
5 -1121040000
7 -1121126400
18 -1121212800
13 -1121299200
9 -1121385600
4 -1121558400
6 -1121644800
8 -1121731200
11 -1121817600
15 -1121904000
10 -1121990400
12 -1122076800
4 -1122163200
9 -1122249600
11 -1122336000
18 -1122422400
11 -1122508800
8 -1122595200
4 -1122681600
6 -1122768000
8 -1122854400
8 -1122940800
17 -1123027200
13 -1123113600
11 -1123200000
3 -1123286400
5 -1123372800
9 -1123459200
7 -1123545600
16 -1123632000
10 -1123718400
9 -1123804800
2 -1123891200
5 -1123977600
5 -1124064000
7 -1124150400
17 -1124236800
11 -1124323200
5 -1124409600
2 -1124496000
2 -1124582400
10 -1124668800
7 -1124755200
17 -1124841600
19 -1124928000
8 -1125014400
2 -1125100800
4 -1125187200
8 -1125273600
5 -1125360000
17 -1125446400
19 -1125532800
8 -1125619200
6 -1125705600
4 -1125792000
9 -1125878400
10 -1125964800
17 -1126051200
25 -1126137600
5 -1126224000
4 -1126310400
6 -1126396800
10 -1126483200
11 -1126569600
14 -1126656000
25 -1126742400
10 -1126828800
6 -1126915200
3 -1127001600
6 -1127088000
13 -1127174400
8 -1127260800
19 -1127347200
11 -1127433600
6 -1127520000
5 -1127606400
13 -1127692800
11 -1127779200
12 -1127865600
26 -1127952000
8 -1128038400
4 -1128124800
6 -1128211200
10 -1128297600
8 -1128384000
11 -1128470400
25 -1128556800
15 -1128643200
4 -1128729600
6 -1128816000
6 -1128902400
8 -1128988800
20 -1129075200
15 -1129161600
13 -1129248000
5 -1129334400
3 -1129420800
9 -1129507200
10 -1129593600
25 -1129680000
10 -1129766400
7 -1129852800
4 -1129939200
4 -1130025600
11 -1130112000
14 -1130198400
13 -1130284800
15 -1130371200
18 -1130457600
1 -1130544000
3 -1130630400
6 -1130716800
11 -1130803200
12 -1130889600
20 -1130976000
12 -1131062400
5 -1131148800
5 -1131235200
7 -1131321600
6 -1131408000
7 -1131494400
15 -1131580800
9 -1131667200
7 -1131753600
2 -1131840000
10 -1131926400
10 -1132012800
11 -1132099200
21 -1132185600
10 -1132272000
2 -1132358400
4 -1132444800
9 -1132531200
9 -1132617600
16 -1132704000
16 -1132790400
11 -1132876800
1 -1132963200
3 -1133049600
7 -1133136000
14 -1133222400
8 -1133308800
24 -1133395200
13 -1133481600
4 -1133568000
5 -1133654400
12 -1133740800
9 -1133827200
13 -1133913600
26 -1134000000
9 -1134086400
3 -1134172800
4 -1134259200
9 -1134345600
10 -1134432000
12 -1134518400
24 -1134604800
4 -1134691200
7 -1134777600
3 -1134864000
7 -1134950400
7 -1135036800
12 -1135123200
25 -1135209600
5 -1135296000
3 -1135382400
6 -1135641600
7 -1135728000
7 -1135814400
5 -1135900800
4 -1135987200
6 -1136073600
4 -1136160000
10 -1136246400
10 -1136332800
29 -1136419200
14 -1136505600
4 -1136592000
3 -1136678400
9 -1136764800
8 -1136851200
17 -1136937600
20 -1137024000
8 -1137110400
4 -1137196800
3 -1137283200
11 -1137369600
11 -1137456000
9 -1137542400
27 -1137628800
9 -1137715200
2 -1137801600
2 -1137888000
8 -1137974400
11 -1138060800
15 -1138147200
22 -1138233600
16 -1138320000
6 -1138406400
5 -1138492800
8 -1138579200
8 -1138665600
10 -1138752000
26 -1138838400
6 -1138924800
3 -1139011200
5 -1139097600
8 -1139184000
6 -1139270400
9 -1139356800
22 -1139443200
10 -1139529600
4 -1139616000
6 -1139702400
9 -1139788800
17 -1139875200
11 -1139961600
19 -1140048000
14 -1140134400
8 -1140220800
9 -1140307200
11 -1140393600
6 -1140480000
8 -1140566400
22 -1140652800
18 -1140739200
2 -1140825600
3 -1140912000
9 -1140998400
11 -1141084800
8 -1141171200
25 -1141257600
6 -1141344000
3 -1141430400
3 -1141516800
10 -1141603200
5 -1141689600
10 -1141776000
16 -1141862400
6 -1141948800
4 -1142035200
1 -1142121600
8 -1142208000
3 -1142294400
13 -1142380800
26 -1142467200
11 -1142553600
2 -1142640000
7 -1142726400
7 -1142812800
9 -1142899200
12 -1142985600
26 -1143072000
9 -1143158400
7 -1143244800
7 -1143331200
7 -1143417600
9 -1143504000
9 -1143590400
24 -1143676800
19 -1143763200
3 -1143849600
2 -1143936000
8 -1144022400
7 -1144108800
12 -1144195200
20 -1144281600
11 -1144368000
5 -1144454400
4 -1144540800
7 -1144627200
6 -1144713600
21 -1144800000
18 -1144886400
1 -1144972800
6 -1145059200
1 -1145145600
1 -1145232000
7 -1145318400
21 -1145404800
10 -1145491200
6 -1145577600
2 -1145664000
2 -1145750400
7 -1145836800
8 -1145923200
8 -1146009600
22 -1146096000
16 -1146182400
5 -1146268800
2 -1146355200
4 -1146441600
8 -1146528000
5 -1146614400
15 -1146700800
5 -1146787200
1 -1146873600
3 -1146960000
13 -1147046400
12 -1147132800
11 -1147219200
23 -1147305600
10 -1147392000
2 -1147478400
4 -1147564800
8 -1147651200
6 -1147737600
10 -1147824000
23 -1147910400
7 -1147996800
4 -1148083200
2 -1148169600
6 -1148256000
8 -1148342400
11 -1148428800
21 -1148515200
17 -1148601600
1 -1148688000
4 -1148774400
2 -1148860800
6 -1148947200
17 -1149033600
17 -1149120000
6 -1149206400
2 -1149292800
2 -1149379200
5 -1149465600
8 -1149552000
20 -1149638400
11 -1149724800
9 -1149811200
2 -1149897600
4 -1149984000
8 -1150070400
6 -1150156800
11 -1150243200
20 -1150329600
12 -1150416000
5 -1150502400
2 -1150588800
8 -1150675200
7 -1150761600
7 -1150848000
24 -1150934400
5 -1151020800
2 -1151107200
3 -1151193600
11 -1151280000
8 -1151366400
18 -1151452800
10 -1151539200
11 -1151625600
4 -1151712000
2 -1151798400
6 -1151884800
7 -1151971200
23 -1152057600
13 -1152144000
10 -1152230400
2 -1152316800
2 -1152403200
5 -1152489600
8 -1152576000
17 -1152662400
17 -1152748800
7 -1152835200
2 -1152921600
3 -1153008000
7 -1153094400
9 -1153180800
9 -1153267200
25 -1153353600
10 -1153440000
1 -1153526400
2 -1153612800
9 -1153699200
7 -1153785600
11 -1153872000
23 -1153958400
7 -1154044800
4 -1154131200
4 -1154217600
5 -1154304000
7 -1154390400
17 -1154476800
20 -1154563200
5 -1154649600
4 -1154736000
4 -1154822400
8 -1154908800
4 -1154995200
12 -1155081600
16 -1155168000
7 -1155254400
1 -1155340800
6 -1155427200
8 -1155513600
6 -1155600000
11 -1155686400
26 -1155772800
6 -1155859200
4 -1155945600
2 -1156032000
10 -1156118400
7 -1156204800
18 -1156291200
11 -1156377600
10 -1156464000
5 -1156550400
3 -1156636800
2 -1156723200
6 -1156809600
23 -1156896000
12 -1156982400
4 -1157068800
2 -1157155200
3 -1157241600
6 -1157328000
8 -1157414400
20 -1157500800
13 -1157587200
9 -1157673600
4 -1157760000
4 -1157846400
2 -1157932800
8 -1158019200
18 -1158105600
21 -1158192000
10 -1158278400
2 -1158364800
4 -1158451200
8 -1158537600
8 -1158624000
20 -1158710400
16 -1158796800
9 -1158883200
3 -1158969600
6 -1159142400
7 -1159228800
11 -1159315200
31 -1159401600
11 -1159488000
3 -1159574400
4 -1159660800
10 -1159747200
5 -1159833600
15 -1159920000
12 -1160006400
6 -1160092800
3 -1160179200
4 -1160265600
9 -1160352000
2 -1160438400
16 -1160524800
10 -1160611200
6 -1160697600
3 -1160784000
4 -1160870400
11 -1160956800
8 -1161043200
16 -1161129600
19 -1161216000
6 -1161302400
1 -1161388800
5 -1161475200
10 -1161561600
6 -1161648000
12 -1161734400
22 -1161820800
16 -1161907200
6 -1162080000
6 -1162166400
11 -1162252800
14 -1162339200
20 -1162425600
3 -1162512000
8 -1162598400
5 -1162684800
8 -1162771200
8 -1162857600
14 -1162944000
23 -1163030400
5 -1163116800
7 -1163203200
2 -1163289600
9 -1163376000
8 -1163462400
10 -1163548800
19 -1163635200
10 -1163721600
3 -1163808000
4 -1163894400
10 -1163980800
8 -1164067200
3 -1164153600
25 -1164240000
15 -1164326400
3 -1164412800
5 -1164499200
8 -1164585600
4 -1164672000
12 -1164758400
20 -1164844800
6 -1164931200
3 -1165017600
3 -1165104000
9 -1165190400
6 -1165276800
6 -1165363200
23 -1165449600
7 -1165536000
2 -1165622400
2 -1165708800
5 -1165795200
12 -1165881600
7 -1165968000
21 -1166054400
7 -1166140800
1 -1166227200
2 -1166313600
9 -1166400000
3 -1166486400
7 -1166572800
24 -1166659200
7 -1166745600
2 -1166832000
4 -1166918400
3 -1167091200
5 -1167177600
4 -1167264000
5 -1167350400
2 -1167436800
3 -1167523200
3 -1167609600
8 -1167696000
6 -1167782400
16 -1167868800
8 -1167955200
5 -1168041600
6 -1168128000
16 -1168214400
15 -1168300800
10 -1168387200
31 -1168473600
6 -1168560000
2 -1168646400
6 -1168732800
9 -1168819200
9 -1168905600
9 -1168992000
22 -1169078400
6 -1169164800
2 -1169251200
5 -1169337600
7 -1169424000
7 -1169510400
9 -1169596800
21 -1169683200
18 -1169769600
2 -1169856000
2 -1169942400
7 -1170028800
9 -1170115200
9 -1170201600
16 -1170288000
8 -1170374400
2 -1170460800
7 -1170547200
7 -1170633600
9 -1170720000
9 -1170806400
22 -1170892800
6 -1170979200
4 -1171065600
5 -1171152000
6 -1171238400
10 -1171324800
5 -1171411200
20 -1171497600
6 -1171584000
4 -1171670400
4 -1171756800
5 -1171843200
7 -1171929600
6 -1172016000
22 -1172102400
18 -1172188800
1 -1172275200
2 -1172361600
9 -1172448000
5 -1172534400
8 -1172620800
25 -1172707200
9 -1172793600
4 -1172880000
5 -1172966400
6 -1173052800
5 -1173139200
10 -1173225600
27 -1173312000
7 -1173398400
1 -1173571200
5 -1173657600
8 -1173744000
5 -1173830400
22 -1173916800
5 -1174003200
3 -1174089600
1 -1174176000
7 -1174262400
5 -1174348800
10 -1174435200
26 -1174521600
7 -1174608000
1 -1174694400
4 -1174780800
6 -1174867200
8 -1174953600
14 -1175040000
14 -1175126400
4 -1175212800
2 -1175299200
6 -1175385600
5 -1175472000
7 -1175558400
10 -1175644800
17 -1175731200
1 -1175817600
1 -1175904000
1 -1175990400
2 -1176076800
6 -1176163200
12 -1176249600
19 -1176336000
4 -1176422400
3 -1176508800
2 -1176595200
9 -1176681600
6 -1176768000
9 -1176854400
18 -1176940800
4 -1177027200
2 -1177200000
6 -1177286400
7 -1177372800
10 -1177459200
20 -1177545600
5 -1177632000
15 -1177891200
4 -1177977600
14 -1178064000
15 -1178150400
1 -1178236800
1 -1178323200
1 -1178409600
4 -1178496000
10 -1178582400
9 -1178668800
22 -1178755200
5 -1178841600
3 -1178928000
2 -1179014400
4 -1179100800
8 -1179187200
12 -1179273600
26 -1179360000
9 -1179446400
2 -1179532800
1 -1179619200
7 -1179705600
4 -1179792000
7 -1179878400
23 -1179964800
14 -1180051200
2 -1180137600
3 -1180224000
2 -1180310400
7 -1180396800
22 -1180483200
14 -1180569600
8 -1180656000
5 -1180742400
4 -1180828800
6 -1180915200
7 -1181001600
14 -1181088000
14 -1181174400
9 -1181260800
5 -1181347200
12 -1181520000
7 -1181606400
11 -1181692800
15 -1181779200
7 -1181865600
3 -1182038400
14 -1182124800
7 -1182211200
12 -1182297600
13 -1182384000
10 -1182470400
2 -1182556800
2 -1182643200
6 -1182729600
9 -1182816000
15 -1182902400
13 -1182988800
7 -1183075200
4 -1183161600
2 -1183248000
8 -1183334400
9 -1183420800
9 -1183507200
21 -1183593600
7 -1183680000
1 -1183766400
5 -1183852800
7 -1183939200
4 -1184025600
23 -1184112000
13 -1184198400
7 -1184284800
4 -1184371200
1 -1184457600
8 -1184544000
10 -1184630400
21 -1184716800
13 -1184803200
5 -1184889600
5 -1184976000
3 -1185062400
10 -1185148800
6 -1185235200
17 -1185321600
14 -1185408000
9 -1185494400
7 -1185580800
4 -1185667200
22 -1185753600
8 -1185840000
9 -1185926400
27 -1186012800
6 -1186099200
1 -1186272000
16 -1186358400
9 -1186444800
9 -1186531200
26 -1186617600
4 -1186704000
1 -1186790400
4 -1186876800
8 -1186963200
10 -1187049600
9 -1187136000
23 -1187222400
5 -1187308800
1 -1187395200
4 -1187481600
7 -1187568000
7 -1187654400
23 -1187740800
11 -1187827200
9 -1187913600
3 -1188000000
1 -1188086400
3 -1188172800
4 -1188259200
22 -1188345600
8 -1188432000
9 -1188518400
3 -1188604800
2 -1188691200
6 -1188777600
8 -1188864000
14 -1188950400
24 -1189036800
7 -1189123200
1 -1189209600
3 -1189296000
8 -1189382400
10 -1189468800
5 -1189555200
28 -1189641600
12 -1189728000
3 -1189814400
1 -1189900800
9 -1189987200
10 -1190073600
25 -1190160000
11 -1190246400
5 -1190332800
2 -1190419200
1 -1190505600
9 -1190592000
12 -1190678400
24 -1190764800
9 -1190851200
8 -1190937600
3 -1191024000
1 -1191110400
9 -1191196800
10 -1191283200
23 -1191369600
12 -1191456000
9 -1191542400
2 -1191628800
2 -1191715200
8 -1191801600
10 -1191888000
14 -1191974400
21 -1192060800
10 -1192147200
1 -1192233600
5 -1192320000
7 -1192406400
13 -1192492800
25 -1192579200
21 -1192665600
8 -1192752000
2 -1192838400
7 -1192924800
10 -1193011200
7 -1193097600
10 -1193184000
20 -1193270400
10 -1193356800
5 -1193443200
2 -1193529600
7 -1193616000
9 -1193702400
8 -1193788800
24 -1193875200
8 -1193961600
2 -1194048000
6 -1194134400
14 -1194220800
10 -1194307200
8 -1194393600
26 -1194480000
7 -1194566400
5 -1194652800
7 -1194739200
9 -1194825600
9 -1194912000
8 -1194998400
20 -1195084800
6 -1195171200
2 -1195257600
4 -1195344000
7 -1195430400
3 -1195516800
9 -1195603200
23 -1195689600
6 -1195776000
4 -1195862400
1 -1195948800
8 -1196035200
8 -1196121600
8 -1196208000
26 -1196294400
13 -1196380800
5 -1196467200
2 -1196553600
7 -1196640000
8 -1196726400
3 -1196812800
22 -1196899200
6 -1196985600
3 -1197072000
4 -1197158400
10 -1197244800
12 -1197331200
10 -1197417600
29 -1197504000
4 -1197590400
3 -1197676800
2 -1197763200
4 -1197849600
13 -1197936000
7 -1198022400
22 -1198108800
9 -1198195200
2 -1198281600
4 -1198368000
4 -1198454400
1 -1198627200
3 -1198713600
3 -1198800000
2 -1198886400
4 -1199059200
1 -1199145600
5 -1199232000
23 -1199318400
10 -1199404800
2 -1199491200
6 -1199577600
15 -1199664000
15 -1199750400
14 -1199836800
28 -1199923200
7 -1200009600
2 -1200096000
3 -1200182400
11 -1200268800
15 -1200355200
13 -1200441600
21 -1200528000
5 -1200614400
1 -1200700800
3 -1200787200
5 -1200873600
12 -1200960000
10 -1201046400
21 -1201132800
8 -1201219200
1 -1201305600
3 -1201392000
11 -1201478400
9 -1201564800
13 -1201651200
23 -1201737600
21 -1201824000
9 -1201910400
3 -1201996800
13 -1202083200
9 -1202169600
6 -1202256000
23 -1202342400
7 -1202428800
5 -1202515200
8 -1202601600
17 -1202688000
14 -1202774400
11 -1202860800
25 -1202947200
6 -1203033600
3 -1203120000
3 -1203206400
9 -1203292800
11 -1203379200
8 -1203465600
23 -1203552000
10 -1203638400
4 -1203724800
4 -1203811200
9 -1203897600
12 -1203984000
7 -1204070400
23 -1204156800
7 -1204243200
3 -1204416000
6 -1204502400
11 -1204588800
16 -1204675200
22 -1204761600
12 -1204848000
6 -1205020800
14 -1205107200
13 -1205193600
10 -1205280000
26 -1205366400
10 -1205452800
7 -1205625600
9 -1205712000
14 -1205798400
9 -1205884800
20 -1205971200
3 -1206057600
3 -1206144000
4 -1206230400
5 -1206316800
11 -1206403200
9 -1206489600
24 -1206576000
10 -1206662400
2 -1206748800
2 -1206835200
7 -1206921600
9 -1207008000
18 -1207094400
17 -1207180800
8 -1207267200
5 -1207353600
6 -1207440000
11 -1207526400
9 -1207612800
18 -1207699200
19 -1207785600
9 -1207872000
2 -1207958400
1 -1208044800
8 -1208131200
11 -1208217600
16 -1208304000
17 -1208390400
8 -1208476800
1 -1208563200
5 -1208649600
8 -1208736000
9 -1208822400
19 -1208908800
17 -1208995200
7 -1209081600
2 -1209168000
3 -1209254400
14 -1209340800
9 -1209427200
14 -1209513600
16 -1209600000
12 -1209686400
3 -1209772800
2 -1209859200
4 -1209945600
10 -1210032000
15 -1210118400
18 -1210204800
10 -1210291200
4 -1210377600
2 -1210464000
11 -1210550400
12 -1210636800
17 -1210723200
19 -1210809600
10 -1210896000
2 -1210982400
2 -1211068800
9 -1211155200
12 -1211241600
18 -1211328000
13 -1211414400
7 -1211500800
2 -1211587200
1 -1211673600
2 -1211760000
8 -1211846400
17 -1211932800
12 -1212019200
10 -1212105600
2 -1212192000
2 -1212278400
7 -1212364800
9 -1212451200
12 -1212537600
15 -1212624000
11 -1212710400
2 -1212796800
3 -1212883200
12 -1212969600
10 -1213056000
18 -1213142400
13 -1213228800
11 -1213315200
7 -1213401600
3 -1213488000
12 -1213574400
8 -1213660800
23 -1213747200
10 -1213833600
12 -1213920000
4 -1214006400
4 -1214092800
7 -1214179200
8 -1214265600
12 -1214352000
17 -1214438400
17 -1214524800
6 -1214611200
1 -1214697600
8 -1214784000
8 -1214870400
17 -1214956800
16 -1215043200
10 -1215129600
2 -1215216000
2 -1215302400
7 -1215388800
11 -1215475200
21 -1215561600
15 -1215648000
14 -1215734400
3 -1215907200
10 -1215993600
16 -1216080000
15 -1216166400
14 -1216252800
5 -1216339200
4 -1216425600
2 -1216512000
13 -1216598400
6 -1216684800
22 -1216771200
19 -1216857600
13 -1216944000
5 -1217030400
4 -1217116800
7 -1217203200
10 -1217289600
22 -1217376000
17 -1217462400
13 -1217548800
1 -1217635200
5 -1217721600
13 -1217808000
11 -1217894400
28 -1217980800
16 -1218067200
7 -1218153600
2 -1218240000
3 -1218326400
13 -1218412800
9 -1218499200
15 -1218585600
12 -1218672000
13 -1218758400
2 -1218844800
3 -1218931200
9 -1219017600
11 -1219104000
24 -1219190400
12 -1219276800
6 -1219363200
4 -1219449600
1 -1219536000
6 -1219622400
11 -1219708800
20 -1219795200
18 -1219881600
5 -1219968000
1 -1220054400
5 -1220140800
10 -1220227200
11 -1220313600
15 -1220400000
12 -1220486400
10 -1220572800
3 -1220659200
3 -1220745600
8 -1220832000
13 -1220918400
19 -1221004800
17 -1221091200
10 -1221177600
1 -1221264000
4 -1221350400
8 -1221436800
9 -1221523200
10 -1221609600
9 -1221696000
9 -1221782400
3 -1221868800
4 -1221955200
9 -1222041600
8 -1222128000
15 -1222214400
15 -1222300800
14 -1222387200
4 -1222473600
6 -1222560000
9 -1222646400
12 -1222732800
16 -1222819200
12 -1222905600
11 -1222992000
3 -1223078400
1 -1223164800
7 -1223251200
12 -1223337600
21 -1223424000
13 -1223510400
9 -1223596800
3 -1223683200
2 -1223769600
5 -1223856000
7 -1223942400
21 -1224028800
13 -1224115200
14 -1224201600
2 -1224288000
3 -1224374400
8 -1224460800
9 -1224547200
16 -1224633600
6 -1224720000
9 -1224806400
4 -1224892800
1 -1224979200
5 -1225065600
7 -1225152000
8 -1225238400
22 -1225324800
4 -1225411200
4 -1225497600
4 -1225584000
8 -1225670400
9 -1225756800
9 -1225843200
21 -1225929600
10 -1226016000
6 -1226102400
4 -1226188800
13 -1226275200
8 -1226361600
10 -1226448000
22 -1226534400
11 -1226620800
8 -1226707200
1 -1226793600
7 -1226880000
11 -1226966400
13 -1227052800
24 -1227139200
9 -1227225600
6 -1227312000
4 -1227398400
8 -1227484800
8 -1227571200
12 -1227657600
22 -1227744000
9 -1227830400
3 -1227916800
5 -1228003200
9 -1228089600
10 -1228176000
8 -1228262400
30 -1228348800
6 -1228435200
7 -1228521600
1 -1228608000
12 -1228694400
17 -1228780800
11 -1228867200
19 -1228953600
11 -1229040000
5 -1229126400
5 -1229212800
11 -1229299200
8 -1229385600
15 -1229472000
26 -1229558400
10 -1229644800
4 -1229731200
1 -1229817600
7 -1229904000
6 -1229990400
5 -1230076800
3 -1230249600
7 -1230336000
1 -1230422400
1 -1230508800
6 -1230595200
7 -1230681600
5 -1230768000
3 -1230854400
3 -1230940800
5 -1231027200
10 -1231113600
5 -1231200000
7 -1231286400
29 -1231372800
9 -1231459200
4 -1231545600
6 -1231632000
8 -1231718400
8 -1231804800
9 -1231891200
28 -1231977600
9 -1232064000
5 -1232150400
2 -1232236800
5 -1232323200
5 -1232409600
11 -1232496000
24 -1232582400
10 -1232668800
5 -1232755200
7 -1232841600
8 -1232928000
6 -1233014400
6 -1233100800
22 -1233187200
6 -1233273600
7 -1233360000
6 -1233446400
5 -1233532800
6 -1233619200
8 -1233705600
18 -1233792000
3 -1233878400
6 -1233964800
3 -1234051200
12 -1234137600
5 -1234224000
7 -1234310400
22 -1234396800
14 -1234483200
6 -1234569600
1 -1234656000
14 -1234742400
11 -1234828800
13 -1234915200
24 -1235001600
9 -1235088000
3 -1235174400
4 -1235260800
8 -1235347200
8 -1235433600
11 -1235520000
27 -1235606400
7 -1235692800
4 -1235779200
4 -1235865600
6 -1235952000
14 -1236038400
8 -1236124800
19 -1236211200
5 -1236297600
4 -1236384000
4 -1236470400
7 -1236556800
11 -1236643200
12 -1236729600
25 -1236816000
9 -1236902400
6 -1236988800
4 -1237075200
7 -1237161600
6 -1237248000
7 -1237334400
27 -1237420800
6 -1237507200
6 -1237593600
3 -1237680000
5 -1237766400
3 -1237852800
5 -1237939200
21 -1238025600
13 -1238112000
4 -1238198400
4 -1238284800
8 -1238371200
5 -1238457600
18 -1238544000
13 -1238630400
12 -1238716800
2 -1238803200
2 -1238889600
8 -1238976000
9 -1239062400
19 -1239148800
10 -1239235200
9 -1239321600
4 -1239408000
2 -1239494400
4 -1239580800
10 -1239667200
23 -1239753600
16 -1239840000
18 -1239926400
4 -1240012800
2 -1240099200
4 -1240185600
9 -1240272000
23 -1240358400
17 -1240444800
10 -1240531200
1 -1240617600
11 -1240790400
7 -1240876800
18 -1240963200
9 -1241049600
14 -1241136000
1 -1241222400
7 -1241395200
10 -1241481600
22 -1241568000
16 -1241654400
12 -1241740800
1 -1241827200
1 -1241913600
11 -1242000000
5 -1242086400
29 -1242172800
10 -1242259200
9 -1242345600
2 -1242432000
6 -1242604800
10 -1242691200
19 -1242777600
13 -1242864000
8 -1242950400
3 -1243123200
3 -1243209600
10 -1243296000
18 -1243382400
17 -1243468800
11 -1243555200
4 -1243641600
3 -1243728000
12 -1243814400
10 -1243900800
26 -1243987200
10 -1244073600
9 -1244160000
1 -1244246400
2 -1244332800
8 -1244419200
11 -1244505600
18 -1244592000
13 -1244678400
11 -1244764800
1 -1244851200
2 -1244937600
6 -1245024000
25 -1245110400
21 -1245196800
5 -1245283200
13 -1245369600
4 -1245456000
3 -1245542400
8 -1245628800
13 -1245715200
18 -1245801600
11 -1245888000
7 -1245974400
1 -1246060800
1 -1246147200
6 -1246233600
12 -1246320000
16 -1246406400
13 -1246492800
9 -1246579200
2 -1246665600
1 -1246752000
6 -1246838400
10 -1246924800
20 -1247011200
9 -1247097600
9 -1247184000
1 -1247270400
1 -1247356800
3 -1247443200
16 -1247529600
17 -1247616000
17 -1247702400
9 -1247788800
1 -1247875200
1 -1247961600
2 -1248048000
9 -1248134400
13 -1248220800
13 -1248307200
9 -1248393600
2 -1248480000
8 -1248652800
5 -1248739200
16 -1248825600
9 -1248912000
11 -1248998400
4 -1249084800
1 -1249171200
10 -1249257600
7 -1249344000
18 -1249430400
14 -1249516800
10 -1249603200
2 -1249776000
6 -1249862400
8 -1249948800
19 -1250035200
11 -1250121600
9 -1250208000
9 -1250467200
8 -1250553600
18 -1250640000
8 -1250726400
12 -1250812800
2 -1250899200
10 -1251072000
8 -1251158400
14 -1251244800
6 -1251331200
4 -1251417600
1 -1251504000
5 -1251763200
19 -1251849600
13 -1251936000
6 -1252022400
4 -1252108800
1 -1252195200
3 -1252281600
5 -1252368000
17 -1252454400
11 -1252540800
10 -1252627200
1 -1252713600
4 -1252886400
5 -1252972800
21 -1253059200
10 -1253145600
15 -1253232000
2 -1253318400
3 -1253404800
11 -1253491200
3 -1253577600
17 -1253664000
13 -1253750400
10 -1253836800
1 -1253923200
3 -1254009600
8 -1254096000
9 -1254182400
17 -1254268800
7 -1254355200
12 -1254441600
1 -1254528000
1 -1254614400
7 -1254700800
5 -1254787200
14 -1254873600
14 -1254960000
13 -1255046400
2 -1255132800
2 -1255219200
6 -1255305600
7 -1255392000
18 -1255478400
16 -1255564800
6 -1255651200
2 -1255737600
6 -1255910400
10 -1255996800
16 -1256083200
7 -1256169600
21 -1256256000
3 -1256342400
5 -1256428800
6 -1256515200
2 -1256601600
20 -1256688000
13 -1256774400
9 -1256860800
2 -1256947200
1 -1257033600
3 -1257120000
11 -1257206400
17 -1257292800
14 -1257379200
12 -1257465600
4 -1257638400
7 -1257724800
8 -1257811200
13 -1257897600
12 -1257984000
6 -1258070400
1 -1258156800
2 -1258243200
4 -1258329600
7 -1258416000
14 -1258502400
15 -1258588800
5 -1258675200
1 -1258761600
4 -1258848000
4 -1258934400
9 -1259020800
25 -1259107200
10 -1259193600
6 -1259280000
4 -1259452800
4 -1259539200
4 -1259625600
13 -1259712000
9 -1259798400
9 -1259884800
3 -1260057600
8 -1260144000
9 -1260230400
12 -1260316800
9 -1260403200
10 -1260489600
4 -1260662400
8 -1260748800
10 -1260835200
18 -1260921600
14 -1261008000
10 -1261094400
3 -1261267200
4 -1261353600
11 -1261440000
8 -1261526400
3 -1261612800
1 -1261785600
3 -1261872000
6 -1261958400
2 -1262044800
3 -1262131200
4 -1262217600
1 -1262304000
1 -1262390400
1 -1262476800
5 -1262563200
9 -1262649600
10 -1262736000
10 -1262822400
11 -1262908800
3 -1262995200
4 -1263081600
8 -1263168000
10 -1263254400
17 -1263340800
17 -1263427200
7 -1263513600
1 -1263600000
5 -1263686400
6 -1263772800
10 -1263859200
14 -1263945600
14 -1264032000
10 -1264118400
6 -1264291200
10 -1264377600
7 -1264464000
9 -1264550400
15 -1264636800
5 -1264723200
4 -1264896000
7 -1264982400
11 -1265068800
7 -1265155200
10 -1265241600
16 -1265328000
3 -1265500800
9 -1265587200
9 -1265673600
7 -1265760000
12 -1265846400
9 -1265932800
1 -1266019200
9 -1266105600
8 -1266192000
6 -1266278400
10 -1266364800
7 -1266451200
6 -1266537600
7 -1266710400
8 -1266796800
11 -1266883200
11 -1266969600
11 -1267056000
16 -1267142400
4 -1267315200
11 -1267401600
11 -1267488000
9 -1267574400
8 -1267660800
10 -1267747200
1 -1267833600
4 -1267920000
4 -1268006400
9 -1268092800
11 -1268179200
8 -1268265600
10 -1268352000
3 -1268524800
7 -1268611200
12 -1268697600
5 -1268784000
9 -1268870400
7 -1268956800
5 -1269129600
12 -1269216000
12 -1269302400
8 -1269388800
7 -1269475200
9 -1269561600
7 -1269734400
4 -1269820800
8 -1269907200
6 -1269993600
9 -1270080000
2 -1270166400
3 -1270252800
2 -1270339200
3 -1270425600
10 -1270512000
13 -1270598400
13 -1270684800
10 -1270771200
3 -1270857600
5 -1271030400
7 -1271116800
13 -1271203200
5 -1271289600
4 -1271376000
2 -1271462400
1 -1271548800
9 -1271635200
11 -1271721600
7 -1271808000
11 -1271894400
4 -1271980800
2 -1272067200
3 -1272153600
12 -1272240000
6 -1272326400
11 -1272412800
4 -1272499200
11 -1272585600
4 -1272672000
4 -1272844800
8 -1272931200
7 -1273017600
6 -1273104000
7 -1273190400
4 -1273276800
1 -1273363200
7 -1273449600
7 -1273536000
5 -1273622400
4 -1273708800
7 -1273795200
4 -1273881600
3 -1273968000
10 -1274054400
4 -1274140800
10 -1274227200
9 -1274313600
7 -1274400000
5 -1274486400
8 -1274659200
8 -1274745600
7 -1274832000
7 -1274918400
6 -1275004800
3 -1275091200
6 -1275264000
6 -1275350400
9 -1275436800
5 -1275523200
6 -1275609600
3 -1275696000
2 -1275782400
6 -1275868800
6 -1275955200
4 -1276041600
8 -1276128000
5 -1276214400
3 -1276300800
2 -1276473600
9 -1276560000
6 -1276646400
5 -1276732800
4 -1276819200
6 -1276905600
8 -1277078400
6 -1277164800
8 -1277251200
9 -1277337600
8 -1277424000
3 -1277510400
1 -1277596800
5 -1277683200
10 -1277769600
6 -1277856000
5 -1277942400
9 -1278028800
6 -1278115200
6 -1278288000
8 -1278374400
8 -1278460800
9 -1278547200
7 -1278633600
2 -1278720000
1 -1278806400
14 -1278892800
11 -1278979200
14 -1279065600
15 -1279152000
10 -1279238400
4 -1279324800
2 -1279411200
7 -1279497600
12 -1279584000
9 -1279670400
12 -1279756800
11 -1279843200
2 -1279929600
6 -1280102400
5 -1280188800
11 -1280275200
12 -1280361600
6 -1280448000
4 -1280534400
15 -1280707200
9 -1280793600
12 -1280880000
8 -1280966400
10 -1281052800
4 -1281139200
2 -1281225600
7 -1281312000
8 -1281398400
9 -1281484800
10 -1281571200
5 -1281657600
2 -1281744000
8 -1281916800
6 -1282003200
3 -1282089600
9 -1282176000
4 -1282262400
3 -1282348800
1 -1282435200
7 -1282521600
8 -1282608000
12 -1282694400
10 -1282780800
7 -1282867200
4 -1282953600
4 -1283126400
8 -1283212800
10 -1283299200
10 -1283385600
11 -1283472000
3 -1283558400
1 -1283644800
6 -1283731200
4 -1283817600
7 -1283904000
6 -1283990400
8 -1284076800
3 -1284163200
2 -1284249600
2 -1284336000
11 -1284422400
10 -1284508800
5 -1284595200
6 -1284681600
3 -1284768000
1 -1284854400
15 -1284940800
12 -1285027200
12 -1285113600
12 -1285200000
9 -1285286400
2 -1285372800
1 -1285459200
7 -1285545600
7 -1285632000
8 -1285718400
10 -1285804800
7 -1285891200
1 -1285977600
1 -1286064000
5 -1286150400
8 -1286236800
8 -1286323200
12 -1286409600
9 -1286496000
5 -1286582400
2 -1286668800
9 -1286755200
6 -1286841600
8 -1286928000
9 -1287014400
4 -1287100800
5 -1287187200
5 -1287360000
8 -1287446400
8 -1287532800
9 -1287619200
6 -1287705600
5 -1287792000
2 -1287878400
8 -1287964800
8 -1288051200
5 -1288137600
8 -1288224000
6 -1288310400
5 -1288396800
7 -1288569600
7 -1288656000
10 -1288742400
3 -1288828800
2 -1288915200
3 -1289001600
4 -1289088000
12 -1289174400
9 -1289260800
8 -1289347200
11 -1289433600
11 -1289520000
2 -1289606400
3 -1289692800
10 -1289779200
12 -1289865600
8 -1289952000
7 -1290038400
10 -1290124800
1 -1290211200
7 -1290297600
7 -1290384000
14 -1290470400
9 -1290556800
8 -1290643200
5 -1290729600
1 -1290816000
6 -1290902400
10 -1290988800
8 -1291075200
7 -1291161600
12 -1291248000
6 -1291334400
7 -1291420800
6 -1291507200
9 -1291593600
10 -1291680000
3 -1291766400
9 -1291852800
8 -1291939200
2 -1292025600
3 -1292112000
13 -1292198400
8 -1292284800
13 -1292371200
8 -1292457600
7 -1292544000
1 -1292630400
4 -1292716800
8 -1292803200
6 -1292889600
7 -1292976000
6 -1293062400
1 -1293235200
4 -1293321600
2 -1293408000
7 -1293494400
7 -1293580800
6 -1293667200
3 -1293753600
1 -1293840000
3 -1294012800
14 -1294099200
9 -1294185600
17 -1294272000
5 -1294358400
3 -1294444800
12 -1294531200
7 -1294617600
9 -1294704000
5 -1294790400
4 -1294876800
4 -1294963200
2 -1295049600
6 -1295136000
8 -1295222400
7 -1295308800
7 -1295395200
7 -1295481600
7 -1295568000
3 -1295654400
5 -1295740800
3 -1295827200
10 -1295913600
9 -1296000000
6 -1296086400
9 -1296172800
5 -1296345600
6 -1296432000
10 -1296518400
9 -1296604800
6 -1296691200
5 -1296777600
1 -1296864000
11 -1296950400
8 -1297036800
9 -1297123200
7 -1297209600
14 -1297296000
4 -1297382400
5 -1297468800
9 -1297555200
9 -1297641600
6 -1297728000
8 -1297814400
11 -1297900800
6 -1297987200
1 -1298073600
7 -1298160000
7 -1298246400
9 -1298332800
3 -1298419200
5 -1298505600
7 -1298592000
1 -1298678400
6 -1298764800
9 -1298851200
11 -1298937600
13 -1299024000
9 -1299110400
8 -1299196800
1 -1299283200
5 -1299369600
9 -1299456000
11 -1299542400
3 -1299628800
6 -1299715200
7 -1299801600
4 -1299888000
11 -1299974400
13 -1300060800
13 -1300147200
8 -1300233600
10 -1300320000
6 -1300406400
3 -1300492800
8 -1300579200
15 -1300665600
10 -1300752000
6 -1300838400
10 -1300924800
10 -1301011200
1 -1301097600
2 -1301184000
9 -1301270400
9 -1301356800
7 -1301443200
5 -1301529600
6 -1301616000
3 -1301702400
6 -1301875200
9 -1301961600
8 -1302048000
10 -1302134400
5 -1302220800
2 -1302307200
1 -1302393600
10 -1302480000
6 -1302566400
3 -1302652800
10 -1302739200
7 -1302825600
3 -1302912000
2 -1302998400
9 -1303084800
15 -1303171200
10 -1303257600
7 -1303344000
6 -1303430400
3 -1303516800
2 -1303603200
7 -1303689600
11 -1303776000
11 -1303862400
9 -1303948800
7 -1304035200
6 -1304121600
3 -1304208000
5 -1304294400
9 -1304380800
12 -1304467200
6 -1304553600
9 -1304640000
4 -1304726400
3 -1304812800
7 -1304899200
17 -1304985600
9 -1305072000
8 -1305158400
11 -1305244800
3 -1305331200
9 -1305504000
9 -1305590400
6 -1305676800
9 -1305763200
11 -1305849600
2 -1305936000
8 -1306108800
11 -1306195200
10 -1306281600
10 -1306368000
10 -1306454400
4 -1306540800
1 -1306627200
16 -1306800000
13 -1306886400
11 -1306972800
7 -1307059200
2 -1307145600
3 -1307232000
10 -1307318400
5 -1307404800
7 -1307491200
7 -1307577600
7 -1307664000
2 -1307750400
1 -1307836800
10 -1307923200
8 -1308009600
6 -1308096000
9 -1308182400
9 -1308268800
3 -1308355200
4 -1308528000
13 -1308614400
16 -1308700800
14 -1308787200
11 -1308873600
8 -1308960000
2 -1309046400
6 -1309132800
9 -1309219200
13 -1309305600
11 -1309392000
8 -1309478400
6 -1309564800
3 -1309651200
9 -1309737600
8 -1309824000
11 -1309910400
11 -1309996800
9 -1310083200
2 -1310169600
2 -1310256000
5 -1310342400
11 -1310428800
8 -1310515200
8 -1310601600
8 -1310688000
2 -1310774400
1 -1310860800
5 -1310947200
14 -1311033600
6 -1311120000
13 -1311206400
6 -1311292800
5 -1311379200
1 -1311465600
9 -1311552000
7 -1311638400
10 -1311724800
8 -1311811200
7 -1311897600
3 -1311984000
2 -1312070400
4 -1312156800
10 -1312243200
15 -1312329600
9 -1312416000
9 -1312502400
5 -1312588800
1 -1312675200
6 -1312761600
10 -1312848000
7 -1312934400
8 -1313020800
3 -1313107200
3 -1313193600
2 -1313280000
9 -1313366400
6 -1313452800
13 -1313539200
11 -1313625600
7 -1313712000
2 -1313798400
1 -1313884800
8 -1313971200
11 -1314057600
18 -1314144000
14 -1314230400
10 -1314316800
5 -1314403200
1 -1314489600
3 -1314576000
10 -1314662400
12 -1314748800
8 -1314835200
15 -1314921600
3 -1315008000
1 -1315094400
7 -1315180800
10 -1315267200
10 -1315353600
17 -1315440000
11 -1315526400
2 -1315612800
11 -1315785600
9 -1315872000
8 -1315958400
12 -1316044800
10 -1316131200
3 -1316217600
3 -1316304000
11 -1316390400
7 -1316476800
12 -1316563200
7 -1316649600
7 -1316736000
3 -1316822400
2 -1316908800
11 -1316995200
11 -1317081600
12 -1317168000
11 -1317254400
8 -1317340800
5 -1317427200
1 -1317513600
9 -1317600000
12 -1317686400
12 -1317772800
24 -1317859200
17 -1317945600
4 -1318032000
8 -1318204800
7 -1318291200
13 -1318377600
11 -1318464000
14 -1318550400
6 -1318636800
2 -1318723200
11 -1318809600
10 -1318896000
12 -1318982400
13 -1319068800
11 -1319155200
3 -1319241600
13 -1319414400
13 -1319500800
12 -1319587200
13 -1319673600
8 -1319760000
4 -1319846400
2 -1319932800
12 -1320019200
12 -1320105600
11 -1320192000
7 -1320278400
11 -1320364800
1 -1320451200
3 -1320537600
7 -1320624000
11 -1320710400
10 -1320796800
6 -1320883200
9 -1320969600
4 -1321142400
8 -1321228800
5 -1321315200
9 -1321401600
8 -1321488000
14 -1321574400
4 -1321747200
6 -1321833600
6 -1321920000
7 -1322006400
5 -1322092800
4 -1322179200
1 -1322265600
4 -1322352000
4 -1322438400
12 -1322524800
9 -1322611200
13 -1322697600
6 -1322784000
7 -1322956800
8 -1323043200
9 -1323129600
9 -1323216000
9 -1323302400
10 -1323388800
1 -1323475200
10 -1323648000
8 -1323734400
8 -1323820800
9 -1323907200
11 -1323993600
1 -1324080000
3 -1324166400
12 -1324252800
5 -1324339200
8 -1324425600
9 -1324512000
2 -1324598400
2 -1324771200
1 -1324857600
2 -1324944000
1 -1325030400
5 -1325116800
6 -1325203200
1 -1325289600
3 -1325376000
1 -1325462400
9 -1325548800
11 -1325635200
11 -1325721600
11 -1325808000
1 -1325894400
9 -1325980800
6 -1326067200
12 -1326153600
11 -1326240000
12 -1326326400
10 -1326412800
6 -1326585600
7 -1326672000
12 -1326758400
13 -1326844800
11 -1326931200
15 -1327017600
5 -1327190400
10 -1327276800
12 -1327363200
14 -1327449600
11 -1327536000
14 -1327622400
7 -1327795200
5 -1327881600
14 -1327968000
10 -1328054400
17 -1328140800
14 -1328227200
3 -1328313600
3 -1328400000
10 -1328486400
8 -1328572800
6 -1328659200
12 -1328745600
9 -1328832000
1 -1328918400
2 -1329004800
7 -1329091200
8 -1329177600
9 -1329264000
11 -1329350400
8 -1329436800
2 -1329609600
9 -1329696000
7 -1329782400
9 -1329868800
12 -1329955200
10 -1330041600
2 -1330128000
6 -1330214400
12 -1330300800
10 -1330387200
11 -1330473600
18 -1330560000
10 -1330646400
2 -1330732800
8 -1330819200
10 -1330905600
11 -1330992000
16 -1331078400
10 -1331164800
7 -1331251200
4 -1331424000
7 -1331510400
6 -1331596800
10 -1331683200
5 -1331769600
14 -1331856000
1 -1331942400
7 -1332028800
10 -1332115200
12 -1332201600
6 -1332288000
5 -1332374400
14 -1332460800
4 -1332633600
6 -1332720000
9 -1332806400
10 -1332892800
6 -1332979200
11 -1333065600
5 -1333152000
2 -1333238400
7 -1333324800
6 -1333411200
7 -1333497600
9 -1333584000
3 -1333670400
4 -1333756800
9 -1333929600
9 -1334016000
9 -1334102400
10 -1334188800
10 -1334275200
2 -1334361600
7 -1334448000
7 -1334534400
14 -1334620800
15 -1334707200
11 -1334793600
12 -1334880000
2 -1334966400
3 -1335052800
18 -1335139200
11 -1335225600
8 -1335312000
8 -1335398400
12 -1335484800
4 -1335571200
3 -1335657600
6 -1335744000
10 -1335830400
11 -1335916800
14 -1336003200
7 -1336089600
3 -1336176000
9 -1336348800
12 -1336435200
10 -1336521600
7 -1336608000
15 -1336694400
8 -1336780800
3 -1336867200
8 -1336953600
10 -1337040000
10 -1337126400
10 -1337212800
17 -1337299200
6 -1337385600
2 -1337472000
9 -1337558400
6 -1337644800
16 -1337731200
8 -1337817600
9 -1337904000
1 -1337990400
4 -1338163200
8 -1338249600
9 -1338336000
3 -1338422400
10 -1338508800
4 -1338595200
2 -1338681600
2 -1338768000
5 -1338854400
8 -1338940800
8 -1339027200
6 -1339113600
3 -1339200000
2 -1339286400
6 -1339372800
9 -1339459200
10 -1339545600
7 -1339632000
6 -1339718400
2 -1339804800
3 -1339891200
6 -1339977600
10 -1340064000
9 -1340150400
11 -1340236800
10 -1340323200
5 -1340409600
12 -1340582400
5 -1340668800
10 -1340755200
12 -1340841600
11 -1340928000
5 -1341014400
1 -1341100800
8 -1341187200
13 -1341273600
7 -1341360000
9 -1341446400
10 -1341532800
8 -1341792000
5 -1341878400
8 -1341964800
9 -1342051200
6 -1342137600
2 -1342224000
10 -1342396800
15 -1342483200
10 -1342569600
12 -1342656000
12 -1342742400
2 -1342828800
2 -1342915200
8 -1343001600
10 -1343088000
9 -1343174400
6 -1343260800
5 -1343347200
4 -1343433600
2 -1343520000
7 -1343606400
10 -1343692800
6 -1343779200
7 -1343865600
6 -1343952000
5 -1344038400
6 -1344211200
6 -1344297600
9 -1344384000
12 -1344470400
11 -1344556800
3 -1344643200
3 -1344729600
6 -1344816000
9 -1344902400
4 -1344988800
8 -1345075200
7 -1345161600
2 -1345248000
2 -1345334400
12 -1345420800
10 -1345507200
9 -1345593600
6 -1345680000
5 -1345766400
7 -1345852800
1 -1345939200
6 -1346025600
5 -1346112000
10 -1346198400
9 -1346284800
8 -1346371200
2 -1346457600
1 -1346544000
9 -1346630400
6 -1346716800
8 -1346803200
4 -1346889600
5 -1346976000
5 -1347062400
7 -1347235200
9 -1347321600
7 -1347408000
7 -1347494400
7 -1347580800
3 -1347667200
4 -1347840000
7 -1347926400
6 -1348012800
9 -1348099200
11 -1348185600
3 -1348272000
1 -1348358400
10 -1348444800
4 -1348531200
4 -1348617600
9 -1348704000
6 -1348790400
2 -1348876800
5 -1349049600
5 -1349136000
7 -1349222400
12 -1349308800
5 -1349395200
4 -1349481600
7 -1349654400
8 -1349740800
5 -1349827200
7 -1349913600
5 -1350000000
1 -1350086400
6 -1350259200
10 -1350345600
5 -1350432000
11 -1350518400
12 -1350604800
3 -1350691200
1 -1350777600
10 -1350864000
7 -1350950400
6 -1351036800
7 -1351123200
8 -1351209600
4 -1351296000
8 -1351468800
8 -1351555200
6 -1351641600
9 -1351728000
3 -1351814400
5 -1351987200
9 -1352073600
6 -1352160000
5 -1352246400
8 -1352332800
8 -1352419200
5 -1352592000
4 -1352678400
8 -1352764800
7 -1352851200
7 -1352937600
7 -1353024000
4 -1353196800
8 -1353283200
6 -1353369600
5 -1353456000
7 -1353542400
5 -1353628800
1 -1353801600
6 -1353888000
5 -1353974400
6 -1354060800
5 -1354147200
10 -1354233600
1 -1354320000
3 -1354406400
8 -1354492800
11 -1354579200
7 -1354665600
14 -1354752000
8 -1354838400
1 -1354924800
3 -1355011200
8 -1355097600
8 -1355184000
8 -1355270400
9 -1355356800
6 -1355443200
7 -1355616000
7 -1355702400
10 -1355788800
5 -1355875200
5 -1355961600
5 -1356048000
1 -1356134400
5 -1356220800
1 -1356307200
2 -1356393600
6 -1356480000
6 -1356566400
5 -1356652800
3 -1356825600
4 -1356912000
2 -1356998400
5 -1357084800
8 -1357171200
5 -1357257600
1 -1357344000
3 -1357430400
6 -1357516800
11 -1357603200
8 -1357689600
14 -1357776000
11 -1357862400
6 -1357948800
3 -1358035200
8 -1358121600
7 -1358208000
8 -1358294400
9 -1358380800
9 -1358467200
3 -1358553600
6 -1358640000
7 -1358726400
9 -1358812800
7 -1358899200
15 -1358985600
10 -1359072000
3 -1359158400
3 -1359244800
7 -1359331200
10 -1359417600
9 -1359504000
12 -1359590400
9 -1359676800
7 -1359763200
3 -1359849600
7 -1359936000
7 -1360022400
5 -1360108800
9 -1360195200
7 -1360281600
2 -1360368000
1 -1360454400
3 -1360540800
7 -1360627200
10 -1360713600
8 -1360800000
5 -1360886400
1 -1360972800
3 -1361059200
5 -1361145600
9 -1361232000
3 -1361318400
7 -1361404800
11 -1361491200
3 -1361577600
4 -1361664000
9 -1361750400
7 -1361836800
8 -1361923200
9 -1362009600
9 -1362096000
2 -1362182400
4 -1362268800
9 -1362355200
3 -1362441600
5 -1362528000
8 -1362614400
6 -1362700800
3 -1362787200
3 -1362873600
9 -1362960000
6 -1363046400
12 -1363132800
11 -1363219200
7 -1363305600
1 -1363392000
5 -1363478400
10 -1363564800
4 -1363651200
5 -1363737600
10 -1363824000
7 -1363910400
1 -1363996800
3 -1364083200
8 -1364169600
5 -1364256000
9 -1364342400
14 -1364428800
3 -1364515200
2 -1364601600
2 -1364688000
4 -1364774400
9 -1364860800
8 -1364947200
19 -1365033600
7 -1365120000
4 -1365206400
3 -1365292800
3 -1365379200
7 -1365465600
7 -1365552000
8 -1365638400
8 -1365724800
4 -1365811200
2 -1365897600
7 -1365984000
5 -1366070400
6 -1366156800
9 -1366243200
6 -1366329600
2 -1366416000
1 -1366502400
7 -1366588800
7 -1366675200
5 -1366761600
8 -1366848000
8 -1366934400
5 -1367020800
4 -1367107200
8 -1367193600
6 -1367280000
5 -1367366400
5 -1367452800
9 -1367539200
4 -1367625600
1 -1367712000
4 -1367798400
4 -1367884800
5 -1367971200
8 -1368057600
5 -1368144000
5 -1368230400
1 -1368316800
7 -1368403200
7 -1368489600
9 -1368576000
12 -1368662400
9 -1368748800
4 -1368835200
3 -1368921600
13 -1369008000
8 -1369094400
8 -1369180800
7 -1369267200
9 -1369353600
4 -1369440000
2 -1369526400
1 -1369612800
4 -1369699200
6 -1369785600
7 -1369872000
9 -1369958400
5 -1370044800
5 -1370217600
5 -1370304000
13 -1370390400
10 -1370476800
4 -1370563200
3 -1370649600
1 -1370736000
11 -1370822400
10 -1370908800
5 -1370995200
6 -1371081600
5 -1371168000
11 -1371254400
2 -1371340800
8 -1371427200
11 -1371513600
11 -1371600000
15 -1371686400
11 -1371772800
2 -1371859200
2 -1371945600
4 -1372032000
5 -1372118400
7 -1372204800
11 -1372291200
9 -1372377600
3 -1372464000
3 -1372550400
7 -1372636800
7 -1372723200
8 -1372809600
10 -1372896000
7 -1372982400
4 -1373068800
2 -1373155200
9 -1373241600
8 -1373328000
6 -1373414400
12 -1373500800
7 -1373587200
4 -1373673600
2 -1373760000
6 -1373846400
6 -1373932800
12 -1374019200
8 -1374105600
4 -1374192000
4 -1374278400
1 -1374364800
8 -1374451200
8 -1374537600
10 -1374624000
10 -1374710400
9 -1374796800
3 -1374883200
1 -1374969600
15 -1375056000
10 -1375142400
17 -1375228800
8 -1375315200
10 -1375401600
5 -1375488000
4 -1375574400
14 -1375660800
10 -1375747200
7 -1375833600
10 -1375920000
11 -1376006400
2 -1376092800
2 -1376179200
15 -1376265600
14 -1376352000
11 -1376438400
15 -1376524800
5 -1376611200
4 -1376697600
2 -1376784000
7 -1376870400
4 -1376956800
7 -1377043200
7 -1377129600
10 -1377216000
3 -1377302400
4 -1377475200
10 -1377561600
5 -1377648000
11 -1377734400
7 -1377820800
2 -1377907200
2 -1377993600
4 -1378080000
13 -1378166400
13 -1378252800
11 -1378339200
4 -1378425600
2 -1378512000
3 -1378598400
8 -1378684800
11 -1378771200
10 -1378857600
10 -1378944000
8 -1379030400
4 -1379116800
11 -1379203200
4 -1379289600
7 -1379376000
15 -1379462400
12 -1379548800
7 -1379635200
3 -1379721600
3 -1379808000
11 -1379894400
13 -1379980800
11 -1380067200
14 -1380153600
12 -1380240000
4 -1380326400
3 -1380412800
14 -1380499200
11 -1380585600
11 -1380672000
15 -1380758400
14 -1380844800
3 -1380931200
1 -1381017600
12 -1381104000
12 -1381190400
6 -1381276800
13 -1381363200
14 -1381449600
2 -1381536000
14 -1381622400
8 -1381708800
15 -1381795200
9 -1381881600
13 -1381968000
12 -1382054400
3 -1382140800
2 -1382227200
16 -1382313600
22 -1382400000
18 -1382486400
14 -1382572800
11 -1382659200
4 -1382745600
1 -1382832000
13 -1382918400
12 -1383004800
17 -1383091200
12 -1383177600
11 -1383264000
1 -1383350400
4 -1383436800
10 -1383523200
12 -1383609600
17 -1383696000
20 -1383782400
15 -1383868800
2 -1383955200
6 -1384041600
9 -1384128000
10 -1384214400
9 -1384300800
7 -1384387200
10 -1384473600
2 -1384560000
3 -1384646400
14 -1384732800
12 -1384819200
11 -1384905600
12 -1384992000
8 -1385078400
3 -1385164800
3 -1385251200
8 -1385337600
4 -1385424000
7 -1385510400
4 -1385596800
6 -1385683200
13 -1385856000
9 -1385942400
9 -1386028800
11 -1386115200
11 -1386201600
12 -1386288000
2 -1386374400
5 -1386460800
6 -1386547200
9 -1386633600
13 -1386720000
11 -1386806400
8 -1386892800
1 -1386979200
2 -1387065600
8 -1387152000
10 -1387238400
6 -1387324800
11 -1387411200
7 -1387497600
3 -1387584000
3 -1387670400
6 -1387756800
6 -1387843200
5 -1387929600
2 -1388016000
6 -1388102400
1 -1388188800
4 -1388275200
3 -1388361600
6 -1388448000
1 -1388534400
5 -1388620800
6 -1388707200
2 -1388793600
4 -1388880000
8 -1388966400
14 -1389052800
10 -1389139200
13 -1389225600
13 -1389312000
3 -1389398400
13 -1389484800
10 -1389571200
8 -1389657600
10 -1389744000
7 -1389830400
9 -1389916800
2 -1390003200
3 -1390089600
7 -1390176000
12 -1390262400
15 -1390348800
8 -1390435200
11 -1390521600
2 -1390608000
1 -1390694400
10 -1390780800
10 -1390867200
9 -1390953600
14 -1391040000
5 -1391126400
5 -1391212800
4 -1391299200
6 -1391385600
16 -1391472000
15 -1391558400
8 -1391644800
8 -1391731200
4 -1391817600
13 -1391904000
13 -1391990400
10 -1392076800
9 -1392163200
7 -1392249600
8 -1392336000
3 -1392422400
3 -1392508800
7 -1392595200
3 -1392681600
6 -1392768000
11 -1392854400
9 -1392940800
4 -1393027200
6 -1393113600
15 -1393200000
10 -1393286400
5 -1393372800
10 -1393459200
5 -1393545600
4 -1393632000
5 -1393718400
10 -1393804800
7 -1393891200
5 -1393977600
11 -1394064000
8 -1394150400
6 -1394236800
11 -1394323200
6 -1394409600
6 -1394496000
13 -1394582400
9 -1394668800
6 -1394755200
1 -1394841600
3 -1394928000
10 -1395014400
7 -1395100800
8 -1395187200
12 -1395273600
9 -1395360000
2 -1395446400
2 -1395532800
7 -1395619200
8 -1395705600
11 -1395792000
13 -1395878400
11 -1395964800
2 -1396051200
5 -1396137600
4 -1396224000
8 -1396310400
14 -1396396800
13 -1396483200
7 -1396569600
6 -1396656000
9 -1396742400
8 -1396828800
5 -1396915200
9 -1397001600
10 -1397088000
15 -1397174400
4 -1397260800
3 -1397347200
8 -1397433600
9 -1397520000
14 -1397606400
9 -1397692800
7 -1397779200
2 -1397865600
1 -1398038400
5 -1398124800
10 -1398211200
9 -1398297600
6 -1398384000
3 -1398470400
2 -1398556800
8 -1398643200
6 -1398729600
7 -1398816000
10 -1398902400
7 -1398988800
3 -1399075200
2 -1399161600
4 -1399248000
8 -1399334400
7 -1399420800
10 -1399507200
16 -1399593600
2 -1399680000
8 -1399766400
8 -1399852800
22 -1399939200
12 -1400025600
9 -1400112000
11 -1400198400
4 -1400284800
2 -1400371200
14 -1400457600
12 -1400544000
12 -1400630400
10 -1400716800
7 -1400803200
4 -1400889600
3 -1400976000
5 -1401062400
14 -1401148800
12 -1401235200
10 -1401321600
16 -1401408000
3 -1401494400
1 -1401580800
15 -1401667200
10 -1401753600
12 -1401840000
8 -1401926400
14 -1402012800
5 -1402099200
3 -1402185600
12 -1402272000
11 -1402358400
12 -1402444800
10 -1402531200
10 -1402617600
2 -1402704000
1 -1402790400
7 -1402876800
13 -1402963200
12 -1403049600
11 -1403136000
12 -1403222400
7 -1403308800
10 -1403395200
9 -1403481600
7 -1403568000
12 -1403654400
7 -1403740800
9 -1403827200
5 -1403913600
2 -1404000000
8 -1404086400
13 -1404172800
14 -1404259200
13 -1404345600
12 -1404432000
4 -1404518400
1 -1404604800
6 -1404691200
10 -1404777600
9 -1404864000
13 -1404950400
16 -1405036800
2 -1405123200
15 -1405209600
7 -1405296000
14 -1405382400
14 -1405468800
15 -1405555200
10 -1405641600
3 -1405728000
1 -1405814400
11 -1405900800
13 -1405987200
13 -1406073600
11 -1406160000
17 -1406246400
5 -1406332800
1 -1406419200
8 -1406505600
17 -1406592000
9 -1406678400
12 -1406764800
7 -1406851200
4 -1406937600
2 -1407024000
6 -1407110400
6 -1407196800
11 -1407283200
12 -1407369600
6 -1407456000
4 -1407542400
1 -1407628800
12 -1407715200
8 -1407801600
8 -1407888000
9 -1407974400
10 -1408060800
4 -1408147200
5 -1408233600
13 -1408320000
11 -1408406400
7 -1408492800
11 -1408579200
6 -1408665600
1 -1408752000
4 -1408838400
1 -1408924800
11 -1409011200
9 -1409097600
16 -1409184000
11 -1409270400
3 -1409356800
2 -1409443200
8 -1409529600
7 -1409616000
14 -1409702400
19 -1409788800
13 -1409875200
4 -1409961600
3 -1410048000
8 -1410134400
17 -1410220800
13 -1410307200
11 -1410393600
4 -1410480000
6 -1410566400
2 -1410652800
11 -1410739200
6 -1410825600
13 -1410912000
10 -1410998400
10 -1411084800
4 -1411171200
16 -1411257600
8 -1411344000
9 -1411430400
11 -1411516800
14 -1411603200
13 -1411689600
4 -1411776000
2 -1411862400
11 -1411948800
14 -1412035200
10 -1412121600
10 -1412208000
8 -1412294400
4 -1412380800
2 -1412467200
10 -1412553600
11 -1412640000
12 -1412726400
17 -1412812800
11 -1412899200
5 -1412985600
10 -1413072000
9 -1413158400
10 -1413244800
11 -1413331200
14 -1413417600
14 -1413504000
3 -1413590400
2 -1413676800
16 -1413763200
6 -1413849600
12 -1413936000
15 -1414022400
9 -1414108800
3 -1414195200
2 -1414281600
7 -1414368000
11 -1414454400
11 -1414540800
9 -1414627200
10 -1414713600
2 -1414800000
5 -1414886400
10 -1414972800
12 -1415059200
12 -1415145600
12 -1415232000
8 -1415318400
5 -1415404800
16 -1415491200
11 -1415577600
13 -1415664000
9 -1415750400
12 -1415836800
11 -1415923200
1 -1416009600
2 -1416096000
7 -1416182400
13 -1416268800
12 -1416355200
13 -1416441600
13 -1416528000
2 -1416614400
4 -1416700800
13 -1416787200
9 -1416873600
6 -1416960000
16 -1417046400
10 -1417132800
2 -1417219200
3 -1417305600
6 -1417392000
9 -1417478400
12 -1417564800
8 -1417651200
18 -1417737600
2 -1417824000
31 -1417910400
6 -1417996800
15 -1418083200
7 -1418169600
11 -1418256000
6 -1418342400
3 -1418428800
8 -1418515200
9 -1418601600
13 -1418688000
8 -1418774400
7 -1418860800
7 -1418947200
4 -1419033600
3 -1419120000
8 -1419206400
4 -1419292800
8 -1419379200
5 -1419465600
4 -1419552000
2 -1419638400
3 -1419724800
4 -1419811200
2 -1419897600
10 -1419984000
6 -1420070400
9 -1420156800
1 -1420243200
2 -1420329600
6 -1420416000
15 -1420502400
11 -1420588800
10 -1420675200
11 -1420761600
1 -1420848000
15 -1420934400
8 -1421020800
6 -1421107200
10 -1421193600
16 -1421280000
13 -1421366400
1 -1421452800
3 -1421539200
5 -1421625600
10 -1421712000
17 -1421798400
15 -1421884800
8 -1421971200
3 -1422057600
3 -1422144000
14 -1422230400
11 -1422316800
15 -1422403200
15 -1422489600
7 -1422576000
2 -1422662400
4 -1422748800
13 -1422835200
12 -1422921600
13 -1423008000
14 -1423094400
13 -1423180800
2 -1423267200
11 -1423353600
10 -1423440000
11 -1423526400
12 -1423612800
13 -1423699200
8 -1423785600
3 -1423872000
1 -1423958400
8 -1424044800
4 -1424131200
13 -1424217600
13 -1424304000
7 -1424390400
2 -1424476800
4 -1424563200
11 -1424649600
10 -1424736000
8 -1424822400
13 -1424908800
13 -1424995200
1 -1425081600
5 -1425168000
16 -1425254400
9 -1425340800
7 -1425427200
12 -1425513600
11 -1425600000
3 -1425686400
10 -1425772800
15 -1425859200
9 -1425945600
13 -1426032000
10 -1426118400
8 -1426204800
2 -1426291200
5 -1426377600
14 -1426464000
10 -1426550400
13 -1426636800
8 -1426723200
3 -1426809600
2 -1426896000
2 -1426982400
6 -1427068800
9 -1427155200
6 -1427241600
9 -1427328000
11 -1427414400
2 -1427500800
2 -1427587200
14 -1427673600
6 -1427760000
8 -1427846400
10 -1427932800
4 -1428019200
5 -1428105600
1 -1428192000
5 -1428278400
11 -1428364800
8 -1428451200
10 -1428537600
7 -1428624000
2 -1428710400
8 -1428796800
9 -1428883200
8 -1428969600
10 -1429056000
9 -1429142400
9 -1429228800
3 -1429315200
3 -1429401600
7 -1429488000
7 -1429574400
8 -1429660800
9 -1429747200
7 -1429833600
3 -1429920000
2 -1430006400
8 -1430092800
6 -1430179200
9 -1430265600
12 -1430352000
15 -1430438400
5 -1430524800
7 -1430611200
7 -1430697600
7 -1430784000
13 -1430870400
10 -1430956800
5 -1431043200
2 -1431129600
3 -1431216000
8 -1431302400
9 -1431388800
11 -1431475200
11 -1431561600
8 -1431648000
1 -1431734400
3 -1431820800
5 -1431907200
9 -1431993600
8 -1432080000
7 -1432166400
10 -1432252800
3 -1432339200
2 -1432425600
5 -1432512000
10 -1432598400
7 -1432684800
10 -1432771200
9 -1432857600
3 -1432944000
4 -1433030400
5 -1433116800
8 -1433203200
12 -1433289600
9 -1433376000
10 -1433462400
4 -1433548800
7 -1433635200
15 -1433721600
9 -1433808000
11 -1433894400
17 -1433980800
10 -1434067200
2 -1434153600
10 -1434240000
10 -1434326400
5 -1434412800
12 -1434499200
9 -1434585600
7 -1434672000
3 -1434758400
3 -1434844800
11 -1434931200
6 -1435017600
11 -1435104000
10 -1435190400
5 -1435276800
3 -1435363200
3 -1435449600
5 -1435536000
9 -1435622400
9 -1435708800
6 -1435795200
5 -1435881600
2 -1435968000
2 -1436054400
3 -1436140800
8 -1436227200
9 -1436313600
14 -1436400000
7 -1436486400
11 -1436572800
6 -1436659200
6 -1436745600
11 -1436832000
11 -1436918400
14 -1437004800
6 -1437091200
3 -1437177600
1 -1437264000
6 -1437350400
12 -1437436800
7 -1437523200
9 -1437609600
4 -1437696000
2 -1437782400
3 -1437868800
11 -1437955200
11 -1438041600
12 -1438128000
7 -1438214400
5 -1438300800
5 -1438387200
3 -1438473600
3 -1438560000
4 -1438646400
8 -1438732800
8 -1438819200
6 -1438905600
5 -1438992000
3 -1439078400
11 -1439164800
10 -1439251200
12 -1439337600
9 -1439424000
6 -1439510400
3 -1439596800
3 -1439683200
11 -1439769600
10 -1439856000
7 -1439942400
12 -1440028800
10 -1440115200
5 -1440201600
1 -1440288000
11 -1440374400
7 -1440460800
5 -1440547200
10 -1440633600
8 -1440720000
1 -1440806400
1 -1440892800
6 -1440979200
3 -1441065600
12 -1441152000
10 -1441238400
6 -1441324800
3 -1441411200
4 -1441497600
6 -1441584000
5 -1441670400
13 -1441756800
8 -1441843200
12 -1441929600
9 -1442016000
8 -1442102400
5 -1442188800
8 -1442275200
8 -1442361600
6 -1442448000
12 -1442534400
3 -1442620800
2 -1442707200
6 -1442793600
4 -1442880000
4 -1442966400
7 -1443052800
8 -1443139200
2 -1443225600
2 -1443312000
5 -1443398400
14 -1443484800
9 -1443571200
6 -1443657600
8 -1443744000
3 -1443830400
5 -1443916800
8 -1444003200
8 -1444089600
10 -1444176000
10 -1444262400
7 -1444348800
7 -1444435200
7 -1444521600
4 -1444608000
8 -1444694400
8 -1444780800
4 -1444867200
9 -1444953600
3 -1445040000
1 -1445126400
3 -1445212800
9 -1445299200
5 -1445385600
11 -1445472000
2 -1445558400
4 -1445644800
3 -1445731200
4 -1445817600
9 -1445904000
7 -1445990400
6 -1446076800
6 -1446163200
3 -1446249600
4 -1446336000
6 -1446422400
15 -1446508800
10 -1446595200
9 -1446681600
5 -1446768000
3 -1446854400
7 -1446940800
6 -1447027200
6 -1447113600
9 -1447200000
8 -1447286400
9 -1447372800
5 -1447459200
2 -1447545600
6 -1447632000
10 -1447718400
11 -1447804800
11 -1447891200
5 -1447977600
4 -1448064000
2 -1448150400
6 -1448236800
6 -1448323200
4 -1448409600
10 -1448496000
5 -1448582400
2 -1448668800
5 -1448755200
4 -1448841600
4 -1448928000
7 -1449014400
9 -1449100800
12 -1449187200
6 -1449273600
10 -1449360000
4 -1449446400
8 -1449532800
9 -1449619200
6 -1449705600
2 -1449792000
2 -1449878400
2 -1449964800
4 -1450051200
2 -1450137600
5 -1450224000
4 -1450310400
1 -1450396800
2 -1450483200
5 -1450656000
5 -1450742400
5 -1450828800
10 -1450915200
4 -1451001600
1 -1451088000
3 -1451174400
2 -1451260800
7 -1451347200
4 -1451433600
8 -1451520000
2 -1451606400
3 -1451692800
1 -1451779200
2 -1451865600
12 -1451952000
14 -1452038400
13 -1452124800
14 -1452211200
4 -1452297600
11 -1452384000
8 -1452470400
12 -1452556800
7 -1452643200
12 -1452729600
10 -1452816000
5 -1452902400
1 -1452988800
6 -1453075200
5 -1453161600
12 -1453248000
7 -1453334400
8 -1453420800
6 -1453507200
1 -1453593600
7 -1453680000
11 -1453766400
8 -1453852800
11 -1453939200
11 -1454025600
6 -1454112000
6 -1454198400
9 -1454284800
11 -1454371200
8 -1454457600
10 -1454544000
9 -1454630400
3 -1454716800
4 -1454803200
12 -1454889600
7 -1454976000
14 -1455062400
16 -1455148800
13 -1455235200
3 -1455321600
6 -1455408000
2 -1455494400
5 -1455580800
6 -1455667200
15 -1455753600
8 -1455840000
6 -1455926400
2 -1456012800
9 -1456099200
6 -1456185600
12 -1456272000
14 -1456358400
12 -1456444800
1 -1456531200
2 -1456617600
10 -1456704000
8 -1456790400
13 -1456876800
9 -1456963200
14 -1457049600
3 -1457136000
5 -1457222400
10 -1457308800
9 -1457395200
7 -1457481600
6 -1457568000
8 -1457654400
7 -1457740800
5 -1457827200
6 -1457913600
16 -1458000000
6 -1458086400
8 -1458172800
8 -1458259200
5 -1458345600
2 -1458432000
13 -1458518400
4 -1458604800
5 -1458691200
9 -1458777600
5 -1458864000
2 -1458950400
1 -1459036800
7 -1459123200
5 -1459209600
7 -1459296000
4 -1459382400
6 -1459468800
1 -1459555200
3 -1459641600
7 -1459728000
10 -1459814400
7 -1459900800
5 -1459987200
7 -1460073600
1 -1460160000
4 -1460246400
6 -1460332800
11 -1460419200
12 -1460505600
11 -1460592000
6 -1460678400
1 -1460764800
5 -1460851200
9 -1460937600
12 -1461024000
11 -1461110400
10 -1461196800
7 -1461283200
5 -1461369600
1 -1461456000
4 -1461542400
10 -1461628800
12 -1461715200
5 -1461801600
9 -1461888000
3 -1461974400
1 -1462060800
6 -1462147200
12 -1462233600
7 -1462320000
9 -1462406400
6 -1462492800
3 -1462665600
8 -1462752000
5 -1462838400
10 -1462924800
7 -1463011200
3 -1463097600
1 -1463184000
3 -1463270400
9 -1463356800
7 -1463443200
6 -1463529600
12 -1463616000
4 -1463702400
4 -1463788800
3 -1463875200
5 -1463961600
4 -1464048000
5 -1464134400
10 -1464220800
5 -1464307200
1 -1464393600
3 -1464480000
3 -1464566400
7 -1464652800
8 -1464739200
6 -1464825600
5 -1464912000
4 -1464998400
2 -1465084800
6 -1465171200
6 -1465257600
7 -1465344000
11 -1465430400
6 -1465516800
2 -1465603200
5 -1465689600
9 -1465776000
6 -1465862400
5 -1465948800
6 -1466035200
6 -1466121600
4 -1466208000
2 -1466294400
6 -1466380800
9 -1466467200
7 -1466553600
3 -1466640000
4 -1466726400
3 -1466812800
3 -1466899200
5 -1466985600
6 -1467072000
11 -1467158400
10 -1467244800
4 -1467331200
3 -1467417600
3 -1467504000
3 -1467590400
7 -1467676800
8 -1467763200
8 -1467849600
6 -1467936000
1 -1468022400
1 -1468108800
4 -1468195200
7 -1468281600
3 -1468368000
5 -1468454400
2 -1468540800
1 -1468627200
2 -1468713600
4 -1468800000
4 -1468886400
6 -1468972800
7 -1469059200
6 -1469145600
3 -1469318400
6 -1469404800
8 -1469491200
6 -1469577600
9 -1469664000
3 -1469750400
3 -1469836800
5 -1469923200
8 -1470009600
6 -1470096000
5 -1470182400
8 -1470268800
3 -1470355200
6 -1470441600
2 -1470528000
4 -1470614400
5 -1470700800
6 -1470787200
12 -1470873600
6 -1470960000
1 -1471046400
1 -1471132800
3 -1471219200
5 -1471305600
5 -1471392000
5 -1471478400
8 -1471564800
1 -1471651200
3 -1471737600
8 -1471824000
6 -1471910400
8 -1471996800
12 -1472083200
2 -1472169600
3 -1472256000
2 -1472342400
2 -1472428800
9 -1472515200
11 -1472601600
5 -1472688000
4 -1472774400
3 -1472860800
5 -1472947200
3 -1473033600
3 -1473120000
12 -1473206400
8 -1473292800
8 -1473379200
2 -1473465600
4 -1473552000
5 -1473638400
8 -1473724800
7 -1473811200
8 -1473897600
3 -1473984000
3 -1474070400
5 -1474156800
2 -1474243200
13 -1474329600
13 -1474416000
7 -1474502400
12 -1474588800
1 -1474675200
4 -1474761600
7 -1474848000
7 -1474934400
7 -1475020800
7 -1475107200
3 -1475193600
2 -1475280000
5 -1475366400
4 -1475452800
11 -1475539200
4 -1475625600
9 -1475712000
3 -1475798400
2 -1475884800
1 -1475971200
8 -1476057600
14 -1476144000
7 -1476230400
10 -1476316800
7 -1476403200
3 -1476489600
2 -1476576000
4 -1476662400
7 -1476748800
6 -1476835200
8 -1476921600
7 -1477008000
5 -1477094400
4 -1477180800
6 -1477267200
6 -1477353600
5 -1477440000
14 -1477526400
9 -1477612800
3 -1477699200
8 -1477785600
7 -1477872000
10 -1477958400
11 -1478044800
6 -1478131200
9 -1478217600
2 -1478304000
3 -1478390400
6 -1478476800
4 -1478563200
3 -1478649600
8 -1478736000
7 -1478822400
3 -1478908800
3 -1478995200
5 -1479081600
6 -1479168000
5 -1479254400
9 -1479340800
8 -1479427200
1 -1479513600
1 -1479600000
5 -1479686400
11 -1479772800
10 -1479859200
2 -1479945600
4 -1480032000
1 -1480118400
3 -1480204800
6 -1480291200
5 -1480377600
4 -1480464000
5 -1480550400
3 -1480636800
2 -1480723200
7 -1480809600
4 -1480896000
5 -1480982400
3 -1481068800
5 -1481155200
5 -1481241600
2 -1481328000
3 -1481414400
7 -1481500800
4 -1481587200
6 -1481673600
14 -1481760000
9 -1481846400
4 -1481932800
4 -1482019200
6 -1482105600
6 -1482192000
5 -1482278400
11 -1482364800
3 -1482451200
2 -1482537600
1 -1482624000
6 -1482710400
1 -1482796800
5 -1482883200
6 -1482969600
3 -1483056000
1 -1483142400
4 -1483228800
2 -1483315200
4 -1483401600
6 -1483488000
12 -1483574400
6 -1483660800
4 -1483747200
2 -1483833600
4 -1483920000
6 -1484006400
5 -1484092800
6 -1484179200
6 -1484265600
2 -1484352000
2 -1484438400
3 -1484524800
3 -1484611200
3 -1484697600
4 -1484784000
3 -1484870400
1 -1484956800
3 -1485043200
5 -1485129600
9 -1485216000
3 -1485302400
4 -1485388800
5 -1485475200
4 -1485561600
1 -1485648000
3 -1485734400
3 -1485820800
5 -1485907200
8 -1485993600
3 -1486080000
2 -1486166400
6 -1486252800
4 -1486339200
3 -1486425600
4 -1486512000
7 -1486598400
2 -1486684800
2 -1486771200
3 -1486857600
2 -1486944000
6 -1487030400
9 -1487116800
5 -1487203200
6 -1487289600
2 -1487376000
5 -1487462400
2 -1487548800
7 -1487635200
5 -1487808000
3 -1487894400
3 -1487980800
4 -1488067200
1 -1488153600
8 -1488240000
2 -1488326400
4 -1488412800
6 -1488499200
3 -1488585600
2 -1488672000
3 -1488758400
6 -1488844800
5 -1488931200
4 -1489017600
5 -1489104000
1 -1489190400
2 -1489276800
3 -1489363200
4 -1489449600
4 -1489536000
4 -1489622400
8 -1489708800
1 -1489795200
2 -1489881600
6 -1489968000
7 -1490054400
4 -1490140800
5 -1490227200
6 -1490313600
2 -1490400000
9 -1490486400
4 -1490572800
9 -1490659200
4 -1490745600
5 -1490832000
3 -1490918400
1 -1491004800
3 -1491091200
6 -1491177600
10 -1491264000
3 -1491350400
5 -1491436800
7 -1491523200
3 -1491609600
2 -1491696000
6 -1491782400
3 -1491868800
4 -1491955200
5 -1492041600
3 -1492128000
4 -1492214400
2 -1492300800
2 -1492387200
8 -1492473600
7 -1492560000
5 -1492646400
6 -1492732800
2 -1492819200
2 -1492905600
8 -1492992000
10 -1493078400
6 -1493164800
8 -1493251200
3 -1493337600
4 -1493424000
2 -1493510400
2 -1493596800
7 -1493683200
6 -1493769600
3 -1493856000
4 -1493942400
1 -1494028800
3 -1494115200
4 -1494201600
4 -1494288000
3 -1494374400
5 -1494460800
8 -1494547200
7 -1494633600
5 -1494720000
12 -1494806400
7 -1494892800
5 -1494979200
5 -1495065600
2 -1495152000
1 -1495238400
2 -1495324800
5 -1495411200
6 -1495497600
4 -1495584000
2 -1495670400
5 -1495756800
2 -1495843200
4 -1495929600
7 -1496102400
5 -1496188800
4 -1496275200
7 -1496361600
2 -1496448000
3 -1496534400
6 -1496620800
7 -1496707200
4 -1496793600
4 -1496880000
4 -1496966400
1 -1497052800
1 -1497139200
3 -1497225600
7 -1497312000
4 -1497398400
4 -1497484800
5 -1497571200
1 -1497657600
3 -1497744000
3 -1497830400
4 -1497916800
6 -1498003200
4 -1498089600
6 -1498176000
1 -1498262400
2 -1498348800
6 -1498435200
3 -1498521600
6 -1498608000
6 -1498694400
3 -1498780800
5 -1498867200
2 -1498953600
5 -1499040000
4 -1499126400
4 -1499212800
5 -1499299200
3 -1499558400
5 -1499644800
4 -1499731200
6 -1499817600
8 -1499904000
6 -1499990400
2 -1500076800
2 -1500163200
8 -1500249600
4 -1500336000
4 -1500422400
7 -1500508800
3 -1500595200
1 -1500681600
2 -1500768000
4 -1500854400
5 -1500940800
5 -1501027200
7 -1501113600
6 -1501200000
2 -1501286400
5 -1501372800
6 -1501459200
5 -1501545600
2 -1501632000
4 -1501718400
3 -1501804800
1 -1501891200
4 -1501977600
4 -1502064000
7 -1502150400
4 -1502236800
10 -1502323200
8 -1502409600
1 -1502496000
6 -1502582400
7 -1502668800
4 -1502755200
3 -1502841600
5 -1502928000
2 -1503014400
1 -1503100800
3 -1503187200
3 -1503273600
1 -1503360000
6 -1503446400
6 -1503532800
1 -1503792000
2 -1503878400
4 -1503964800
6 -1504051200
6 -1504137600
5 -1504224000
2 -1504396800
4 -1504483200
1 -1504569600
6 -1504656000
5 -1504742400
2 -1504828800
3 -1504915200
6 -1505001600
5 -1505088000
8 -1505174400
8 -1505260800
6 -1505347200
5 -1505433600
1 -1505520000
2 -1505606400
2 -1505692800
6 -1505779200
6 -1505865600
7 -1505952000
11 -1506038400
5 -1506124800
4 -1506211200
4 -1506297600
9 -1506384000
12 -1506470400
5 -1506556800
6 -1506643200
2 -1506729600
2 -1506816000
5 -1506902400
6 -1506988800
7 -1507075200
4 -1507161600
9 -1507248000
8 -1507334400
8 -1507420800
4 -1507507200
4 -1507593600
6 -1507680000
8 -1507766400
6 -1507852800
1 -1507939200
2 -1508112000
6 -1508198400
2 -1508284800
4 -1508371200
4 -1508457600
1 -1508544000
4 -1508630400
3 -1508716800
7 -1508803200
8 -1508889600
7 -1508976000
6 -1509062400
1 -1509148800
3 -1509235200
3 -1509321600
5 -1509408000
7 -1509494400
4 -1509580800
6 -1509667200
1 -1509753600
1 -1509926400
6 -1510012800
8 -1510099200
5 -1510185600
6 -1510272000
2 -1510358400
5 -1510444800
2 -1510531200
5 -1510617600
5 -1510704000
6 -1510790400
4 -1510876800
2 -1510963200
8 -1511049600
2 -1511136000
6 -1511222400
4 -1511308800
5 -1511395200
4 -1511481600
1 -1511568000
3 -1511654400
4 -1511740800
5 -1511827200
8 -1511913600
6 -1512000000
4 -1512086400
2 -1512259200
6 -1512345600
7 -1512432000
3 -1512518400
6 -1512604800
3 -1512691200
3 -1512864000
5 -1512950400
5 -1513036800
3 -1513123200
6 -1513209600
5 -1513296000
1 -1513382400
4 -1513468800
3 -1513555200
5 -1513641600
2 -1513728000
4 -1513814400
4 -1513900800
4 -1513987200
2 -1514073600
2 -1514160000
1 -1514246400
7 -1514419200
2 -1514505600
1 -1514592000
4 -1514678400
1 -1514764800
1 -1514851200
3 -1514937600
5 -1515024000
1 -1515110400
1 -1515196800
2 -1515283200
3 -1515369600
3 -1515456000
6 -1515542400
7 -1515628800
5 -1515715200
2 -1515801600
1 -1515888000
3 -1515974400
2 -1516060800
10 -1516147200
6 -1516233600
3 -1516320000
3 -1516406400
4 -1516492800
7 -1516579200
7 -1516665600
6 -1516752000
4 -1516838400
4 -1516924800
2 -1517011200
5 -1517097600
6 -1517184000
3 -1517270400
4 -1517356800
10 -1517443200
6 -1517529600
2 -1517702400
5 -1517788800
4 -1517875200
4 -1517961600
12 -1518048000
3 -1518134400
1 -1518220800
3 -1518307200
3 -1518393600
7 -1518480000
4 -1518566400
8 -1518652800
6 -1518739200
4 -1518912000
2 -1518998400
3 -1519084800
5 -1519171200
5 -1519257600
2 -1519344000
1 -1519430400
4 -1519516800
3 -1519603200
4 -1519689600
3 -1519776000
8 -1519862400
4 -1519948800
7 -1520121600
5 -1520208000
6 -1520294400
3 -1520380800
4 -1520467200
1 -1520553600
1 -1520640000
2 -1520726400
5 -1520812800
4 -1520899200
6 -1520985600
9 -1521072000
4 -1521158400
1 -1521244800
4 -1521331200
7 -1521417600
6 -1521504000
6 -1521590400
6 -1521676800
2 -1521763200
2 -1521849600
5 -1521936000
2 -1522022400
5 -1522108800
9 -1522195200
9 -1522281600
2 -1522368000
3 -1522454400
3 -1522540800
3 -1522627200
7 -1522713600
10 -1522800000
7 -1522886400
4 -1522972800
3 -1523059200
3 -1523145600
7 -1523232000
9 -1523318400
13 -1523404800
6 -1523491200
7 -1523577600
4 -1523750400
6 -1523836800
9 -1523923200
4 -1524009600
6 -1524096000
2 -1524182400
2 -1524268800
3 -1524355200
4 -1524441600
14 -1524528000
13 -1524614400
7 -1524700800
6 -1524787200
1 -1524873600
2 -1524960000
4 -1525046400
7 -1525132800
3 -1525219200
3 -1525305600
3 -1525392000
3 -1525564800
2 -1525651200
4 -1525737600
5 -1525824000
4 -1525910400
4 -1525996800
2 -1526083200
3 -1526169600
8 -1526256000
5 -1526342400
8 -1526428800
2 -1526515200
1 -1526601600
1 -1526688000
4 -1526774400
7 -1526860800
10 -1526947200
5 -1527033600
12 -1527120000
4 -1527206400
1 -1527379200
6 -1527552000
2 -1527638400
5 -1527724800
3 -1527811200
1 -1527897600
3 -1527984000
5 -1528070400
5 -1528156800
6 -1528243200
7 -1528329600
2 -1528416000
3 -1528502400
4 -1528588800
4 -1528675200
5 -1528761600
3 -1528848000
5 -1528934400
2 -1529020800
1 -1529107200
5 -1529193600
5 -1529366400
4 -1529452800
3 -1529539200
3 -1529625600
2 -1529712000
2 -1529798400
2 -1529884800
7 -1529971200
5 -1530057600
3 -1530144000
1 -1530230400
2 -1530316800
1 -1530403200
2 -1530489600
5 -1530576000
4 -1530662400
3 -1530748800
2 -1530835200
2 -1530921600
2 -1531008000
1 -1531094400
5 -1531180800
3 -1531267200
4 -1531353600
2 -1531440000
3 -1531526400
4 -1531612800
7 -1531699200
4 -1531785600
4 -1531872000
5 -1531958400
6 -1532044800
2 -1532131200
3 -1532217600
6 -1532304000
3 -1532390400
4 -1532476800
5 -1532563200
5 -1532649600
2 -1532736000
6 -1532822400
1 -1532908800
5 -1532995200
4 -1533081600
5 -1533168000
1 -1533254400
2 -1533340800
3 -1533427200
2 -1533513600
3 -1533600000
3 -1533686400
8 -1533772800
4 -1533859200
2 -1533945600
2 -1534032000
3 -1534118400
3 -1534204800
5 -1534291200
3 -1534377600
2 -1534464000
2 -1534550400
3 -1534636800
3 -1534809600
3 -1534896000
4 -1534982400
1 -1535068800
2 -1535155200
2 -1535241600
4 -1535328000
3 -1535414400
4 -1535500800
3 -1535587200
1 -1535673600
1 -1535846400
4 -1536019200
3 -1536105600
5 -1536192000
1 -1536278400
3 -1536364800
2 -1536451200
3 -1536537600
1 -1536624000
4 -1536710400
3 -1536796800
1 -1536883200
3 -1537056000
2 -1537142400
5 -1537228800
4 -1537315200
5 -1537401600
2 -1537660800
2 -1537747200
1 -1537833600
3 -1537920000
4 -1538006400
3 -1538092800
2 -1538179200
2 -1538265600
2 -1538352000
4 -1538438400
7 -1538524800
5 -1538611200
3 -1538870400
3 -1538956800
4 -1539043200
3 -1539129600
3 -1539216000
6 -1539302400
1 -1539388800
2 -1539475200
5 -1539561600
7 -1539648000
6 -1539734400
8 -1539820800
3 -1539907200
1 -1539993600
1 -1540080000
3 -1540166400
9 -1540252800
6 -1540339200
6 -1540425600
2 -1540512000
2 -1540598400
7 -1540684800
4 -1540771200
5 -1540857600
2 -1540944000
3 -1541030400
5 -1541116800
2 -1541289600
2 -1541376000
2 -1541462400
2 -1541548800
2 -1541635200
3 -1541808000
5 -1541894400
2 -1541980800
1 -1542067200
5 -1542153600
9 -1542240000
4 -1542326400
6 -1542499200
5 -1542585600
3 -1542672000
6 -1542758400
3 -1542844800
1 -1543017600
6 -1543104000
2 -1543190400
7 -1543276800
1 -1543363200
4 -1543449600
1 -1543536000
1 -1543622400
4 -1543708800
1 -1543795200
7 -1543881600
2 -1543968000
11 -1544054400
8 -1544140800
3 -1544227200
4 -1544313600
2 -1544400000
2 -1544486400
5 -1544572800
5 -1544659200
2 -1544745600
2 -1544832000
3 -1544918400
3 -1545004800
3 -1545091200
6 -1545177600
5 -1545264000
1 -1545350400
3 -1545436800
3 -1545523200
2 -1545609600
1 -1545696000
2 -1545782400
1 -1545868800
2 -1545955200
2 -1546128000
2 -1546300800
3 -1546387200
4 -1546473600
2 -1546560000
1 -1546646400
2 -1546732800
1 -1546819200
5 -1546905600
2 -1546992000
6 -1547078400
6 -1547164800
2 -1547337600
2 -1547424000
1 -1547510400
2 -1547596800
6 -1547683200
2 -1547769600
1 -1547856000
4 -1547942400
4 -1548028800
3 -1548115200
4 -1548201600
3 -1548288000
3 -1548374400
5 -1548547200
4 -1548633600
4 -1548720000
4 -1548806400
6 -1548892800
7 -1548979200
1 -1549065600
4 -1549152000
3 -1549238400
4 -1549324800
7 -1549411200
5 -1549497600
10 -1549584000
4 -1549670400
5 -1549756800
2 -1549929600
2 -1550016000
3 -1550102400
4 -1550188800
1 -1550275200
5 -1550361600
5 -1550448000
1 -1550534400
3 -1550620800
7 -1550707200
1 -1550793600
3 -1550880000
3 -1550966400
4 -1551139200
1 -1551225600
6 -1551312000
3 -1551398400
1 -1551484800
1 -1551571200
5 -1551657600
3 -1551744000
2 -1551830400
4 -1551916800
1 -1552003200
1 -1552089600
2 -1552176000
4 -1552262400
1 -1552348800
6 -1552435200
5 -1552521600
1 -1552608000
3 -1552694400
2 -1552780800
5 -1552867200
4 -1552953600
6 -1553040000
3 -1553126400
5 -1553385600
2 -1553472000
7 -1553558400
1 -1553644800
5 -1553731200
4 -1553817600
2 -1553904000
2 -1553990400
5 -1554076800
2 -1554163200
3 -1554249600
10 -1554336000
2 -1554422400
3 -1554595200
6 -1554681600
3 -1554768000
3 -1554854400
5 -1554940800
3 -1555027200
1 -1555113600
2 -1555200000
2 -1555286400
3 -1555372800
4 -1555459200
8 -1555545600
3 -1555632000
1 -1555718400
3 -1555804800
2 -1555891200
2 -1555977600
5 -1556064000
3 -1556150400
6 -1556236800
2 -1556323200
3 -1556409600
3 -1556496000
9 -1556582400
4 -1556668800
3 -1556755200
1 -1556928000
7 -1557014400
1 -1557100800
4 -1557187200
5 -1557273600
7 -1557360000
2 -1557446400
2 -1557532800
4 -1557619200
3 -1557705600
7 -1557792000
1 -1557878400
2 -1557964800
4 -1558051200
2 -1558224000
4 -1558310400
5 -1558396800
3 -1558483200
3 -1558569600
2 -1558656000
1 -1558742400
2 -1558828800
2 -1559001600
3 -1559088000
5 -1559174400
2 -1559260800
4 -1559433600
4 -1559520000
3 -1559606400
2 -1559692800
4 -1559779200
2 -1559865600
1 -1560038400
4 -1560124800
6 -1560211200
3 -1560297600
4 -1560384000
4 -1560643200
5 -1560816000
4 -1560902400
4 -1560988800
5 -1561075200
1 -1561161600
3 -1561248000
3 -1561334400
5 -1561420800
2 -1561507200
7 -1561593600
2 -1561680000
1 -1561766400
4 -1561852800
1 -1561939200
5 -1562025600
4 -1562112000
2 -1562198400
4 -1562284800
1 -1562371200
2 -1562457600
1 -1562544000
4 -1562630400
3 -1562716800
5 -1562803200
5 -1562889600
1 -1562976000
4 -1563062400
2 -1563148800
2 -1563235200
6 -1563321600
5 -1563408000
5 -1563667200
3 -1563753600
3 -1563840000
4 -1563926400
3 -1564012800
4 -1564099200
3 -1564185600
2 -1564272000
3 -1564358400
1 -1564444800
4 -1564531200
2 -1564617600
2 -1564704000
2 -1564790400
5 -1564876800
2 -1564963200
8 -1565136000
5 -1565222400
2 -1565308800
1 -1565395200
3 -1565481600
4 -1565568000
2 -1565654400
5 -1565740800
2 -1565827200
3 -1565913600
1 -1566000000
2 -1566086400
3 -1566172800
5 -1566259200
1 -1566345600
2 -1566432000
5 -1566518400
2 -1566604800
2 -1566691200
1 -1566777600
5 -1566864000
2 -1566950400
3 -1567036800
1 -1567123200
1 -1567209600
1 -1567296000
1 -1567382400
2 -1567468800
3 -1567555200
4 -1567641600
2 -1567728000
4 -1567900800
1 -1567987200
8 -1568073600
2 -1568160000
3 -1568246400
2 -1568332800
2 -1568505600
3 -1568592000
5 -1568678400
5 -1568764800
4 -1568851200
4 -1568937600
3 -1569110400
2 -1569196800
4 -1569283200
1 -1569369600
4 -1569456000
1 -1569542400
1 -1569628800
1 -1569715200
3 -1569801600
2 -1569888000
3 -1569974400
6 -1570060800
2 -1570147200
1 -1570233600
3 -1570320000
3 -1570406400
2 -1570492800
5 -1570579200
3 -1570665600
2 -1570752000
2 -1570838400
2 -1570924800
4 -1571011200
6 -1571097600
8 -1571184000
2 -1571270400
2 -1571356800
1 -1571443200
2 -1571529600
2 -1571616000
2 -1571702400
5 -1571788800
6 -1571875200
3 -1571961600
3 -1572048000
1 -1572134400
3 -1572220800
8 -1572307200
9 -1572393600
4 -1572480000
5 -1572566400
1 -1572652800
1 -1572739200
3 -1572825600
4 -1572912000
3 -1572998400
3 -1573084800
4 -1573171200
2 -1573257600
3 -1573344000
1 -1573430400
4 -1573516800
5 -1573603200
5 -1573689600
2 -1573776000
2 -1573862400
3 -1573948800
2 -1574035200
4 -1574121600
7 -1574294400
4 -1574380800
2 -1574467200
1 -1574553600
2 -1574640000
1 -1574726400
3 -1574812800
2 -1574899200
1 -1574985600
1 -1575072000
5 -1575244800
4 -1575331200
6 -1575417600
9 -1575504000
4 -1575590400
1 -1575676800
1 -1575763200
1 -1575849600
1 -1575936000
1 -1576022400
4 -1576108800
1 -1576195200
2 -1576281600
2 -1576454400
3 -1576540800
3 -1576713600
1 -1576800000
1 -1576972800
2 -1577059200
2 -1577318400
1 -1577491200
3 -1577577600
2 -1577664000
1 -1577750400
